Total Population,id,Geographic Area Name,5 to 14 years,15 to 17 years,Under 18 years,18 to 24 years,15 to 44 years,16 years and over,18 years and over,21 years and over,60 years and over,62 years and over,65 years and over,75 years and over,Male - 5 to 14 years,Male - 15 to 17 years,Male - Under 18 years,Male - 18 to 24 years,Male - 15 to 44 years,Male - 16 years and over,Male - 18 years and over,Male - 21 years and over,Male - 60 years and over,Male - 62 years and over,Male - 65 years and over,Male - 75 years and over,Female - Male - 5 to 14 years,Female - Male - 15 to 17 years,Female - Male - Under 18 years,Female - Male - 18 to 24 years,Female - Male - 15 to 44 years,Female - Male - 16 years and over,Female - Male - 18 years and over,Female - Male - 21 years and over,Female - Male - 60 years and over,Female - Male - 62 years and over,Female - Male - 65 years and over,Female - Male - 75 years and over
215707,0500000US01117,"Shelby County, Alabama",27851,8875,48670,17648,84457,173097,167037,159267,47098,40234,33295,12943,14383,4671,25382,8406,41853,82479,79640,75887,21899,18261,14806,5271,13468,4204,23288,9242,42604,90618,87397,83380,25199,21973,18489,7672
79828,0500000US01121,"Talladega County, Alabama",9417,3143,16810,6743,29767,65419,63018,59459,20479,18090,14422,5665,4665,1418,8292,3236,14605,31189,30197,28842,8991,8219,6558,2343,4752,1725,8518,3507,15162,34230,32821,30617,11488,9871,7864,3322
208911,0500000US01125,"Tuscaloosa County, Alabama",24180,8023,43992,34257,98404,170265,164919,144589,39432,34686,27472,10661,11739,3975,21652,16487,47808,80653,77924,68844,18110,15648,11969,4098,12441,4048,22340,17770,50596,89612,86995,75745,21322,19038,15503,6563
447138,0500000US04021,"Pinal County, Arizona",59282,16685,101143,36982,169127,356563,345995,329577,118634,107624,90825,35819,30310,8589,52140,21321,94171,187209,181152,170711,56331,50694,43946,18040,28972,8096,49003,15661,74956,169354,164843,158866,62303,56930,46879,17779
87606,0500000US06045,"Mendocino County, California",10576,2870,18535,7686,29380,71461,69071,65738,25968,23698,19072,6752,5290,1457,9033,3363,15460,35261,33984,32408,12178,10907,8725,2825,5286,1413,9502,4323,13920,36200,35087,33330,13790,12791,10347,3927
3185968,0500000US06059,"Orange County, California",387972,123390,698786,292584,1289143,2571255,2487182,2360656,659502,571458,471226,204692,198857,63093,357863,148522,652305,1257540,1215326,1149117,300043,258277,208991,85637,189115,60297,340923,144062,636838,1313715,1271856,1211539,359459,313181,262235,119055
1540975,0500000US06067,"Sacramento County, California",204555,60502,363911,131837,639598,1215153,1177064,1124904,310577,272495,217444,89212,104885,30680,185405,67423,321026,587449,567437,540893,138464,119253,93987,35931,99670,29822,178506,64414,318572,627704,609627,584011,172113,153242,123457,53281
147929,0500000US12017,"Citrus County, Florida",12148,4048,21949,7881,35536,128567,125980,122094,68279,63023,53832,24373,6193,2019,10741,4538,18437,62751,61363,58951,32959,30451,26184,11726,5955,2029,11208,3343,17099,65816,64617,63143,35320,32572,27648,12647
180621,0500000US17143,"Peoria County, Illinois",23035,7105,42559,16493,69459,143086,138062,130568,42897,38411,30201,12751,11906,3501,21480,8400,34723,68927,66338,62267,19618,17379,13125,5142,11129,3604,21079,8093,34736,74159,71724,68301,23279,21032,17076,7609
76351,0500000US18059,"Hancock County, Indiana",10228,2964,17780,5345,27910,60569,58571,56690,17026,14743,12948,4843,5033,1515,8866,2783,13721,29414,28535,27477,8040,6938,6304,2066,5195,1449,8914,2562,14189,31155,30036,29213,8986,7805,6644,2777
82366,0500000US18067,"Howard County, Indiana",10586,3000,18632,6179,28970,65655,63734,61531,21163,18961,15917,6903,5518,1512,9553,3058,14180,31047,30122,29096,9393,8136,6965,2907,5068,1488,9079,3121,14790,34608,33612,32435,11770,10825,8952,3996
133777,0500000US22105,"Tangipahoa Parish, Louisiana",18298,4979,32871,14236,53754,104241,100906,93226,26868,23228,19087,7081,9631,2572,16920,6876,26028,49920,48231,45018,11903,10072,8405,2913,8667,2407,15951,7360,27726,54321,52675,48208,14965,13156,10682,4168
126348,0500000US25003,"Berkshire County, Massachusetts",11907,4656,21564,11688,42851,108235,104784,99141,39858,36854,29239,12621,6202,2463,11413,5748,21509,51950,50086,47309,17889,16756,12765,5093,5705,2193,10151,5940,21342,56285,54698,51832,21969,20098,16474,7528
147381,0500000US27139,"Scott County, Minnesota",23691,6553,40100,11775,58050,111438,107281,101648,23675,21085,16292,6437,11853,3053,20118,6095,28211,54409,52434,49346,10252,9039,7451,2805,11838,3500,19982,5680,29839,57029,54847,52302,13423,12046,8841,3632
325695,0500000US36087,"Rockland County, New York",50191,15173,91712,30438,118855,243733,233983,220897,70767,63686,51109,23156,25641,8429,47212,15600,61105,118802,113018,105776,31462,28264,21973,9085,24550,6744,44500,14838,57750,124931,120965,115121,39305,35422,29136,14071
75498,0500000US36105,"Sullivan County, New York",8975,2860,16002,6113,25942,61869,59496,55984,19409,17853,14198,5828,4689,1663,8306,3453,13801,31933,30552,28569,9530,8666,7082,2534,4286,1197,7696,2660,12141,29936,28944,27415,9879,9187,7116,3294
73139,0500000US37037,"Chatham County, North Carolina",8698,2533,14993,4929,21683,59839,58146,56608,23235,21081,17876,7594,4932,1225,7639,2392,10385,N,27582,26332,10858,9998,8175,3053,3766,1308,7354,2537,11298,N,30564,30276,12377,11083,9701,4541
134214,0500000US37085,"Harnett County, North Carolina",19721,5413,34930,12172,56339,103270,99284,93799,23720,21013,17041,6862,9932,2787,18208,6239,28365,50670,48630,45969,10832,9499,7294,2962,9789,2626,16722,5933,27974,52600,50654,47830,12888,11514,9747,3900
81455,0500000US37195,"Wilson County, North Carolina",10749,3101,18683,7391,29702,64386,62772,58586,20750,17391,14804,5929,5430,1028,8422,3778,13741,29573,28845,26353,9148,7389,6264,2114,5319,2073,10261,3613,15961,34813,33927,32233,11602,10002,8540,3815
97493,0500000US39007,"Ashtabula County, Ohio",12197,3443,21423,7536,32682,78547,76070,72964,26501,23383,18569,7729,6485,1711,11309,3879,17303,39233,38003,36024,11863,10096,8304,3298,5712,1732,10114,3657,15379,39314,38067,36940,14638,13287,10265,4431
67505,0500000US39013,"Belmont County, Ohio",7165,2527,13271,4357,22921,55885,54234,52365,20088,17437,14350,6030,3948,1210,6702,2446,12635,28547,27817,26719,9204,7628,6440,2299,3217,1317,6569,1911,10286,27338,26417,25646,10884,9809,7910,3731
120422,0500000US40031,"Comanche County, Oklahoma",15768,4397,28335,14950,53404,94540,92087,85065,22390,18690,15223,6281,8080,2111,14241,9329,29461,49620,48317,43236,9890,8301,6863,2635,7688,2286,14094,5621,23943,44920,43770,41829,12500,10389,8360,3646
122492,0500000US42013,"Blair County, Pennsylvania",13765,4391,24260,9859,42812,101683,98232,93876,33697,29958,25493,11333,7005,2198,12349,5126,21765,48628,46879,44553,14922,13236,11026,4343,6760,2193,11911,4733,21047,53055,51353,49323,18775,16722,14467,6990
85063,0500000US42039,"Crawford County, Pennsylvania",9554,3362,17737,7858,29466,69543,67326,63474,24165,21576,17556,7168,4947,1739,9009,3961,14687,33640,32594,31013,11317,9842,8177,3237,4607,1623,8728,3897,14779,35903,34732,32461,12848,11734,9379,3931
130441,0500000US42051,"Fayette County, Pennsylvania",13853,4207,24914,8910,44426,108658,105527,102336,38235,34122,27692,12074,7027,2128,12468,4706,23276,53503,51904,50132,17404,15566,12080,4708,6826,2079,12446,4204,21150,55155,53623,52204,20831,18556,15612,7366
97605,0500000US47113,"Madison County, Tennessee",12051,3554,21894,10041,37212,78437,75711,71664,23882,20749,16581,6717,6357,2182,11490,4560,18181,36591,35019,32716,10574,9219,7249,2602,5694,1372,10404,5481,19031,41846,40692,38948,13308,11530,9332,4115
355642,0500000US48027,"Bell County, Texas",54225,14717,98693,40260,159402,267437,256949,239762,54161,47833,38659,15482,27698,7606,50653,22009,81817,131852,126428,117915,24038,21145,16958,6601,26527,7111,48040,18251,77585,135585,130521,121847,30123,26688,21701,8881
423908,0500000US48061,"Cameron County, Texas",71707,22680,128762,44442,171460,310656,295146,273415,75340,68090,58006,25645,36865,11345,65717,23240,85633,148454,140336,128637,32776,29966,25318,10533,34842,11335,63045,21202,85827,162202,154810,144778,42564,38124,32688,15112
256359,0500000US49057,"Weber County, Utah",41380,12053,72520,24609,110908,191379,183839,173705,42591,37157,29562,11336,20774,6123,36502,12509,56973,95536,91796,86428,19111,16631,13725,5010,20606,5930,36018,12100,53935,95843,92043,87277,23480,20526,15837,6326
81244,0500000US51165,"Rockingham County, Virginia",10267,3132,17790,7611,29314,65809,63454,59921,21600,18832,15209,6846,5354,1410,8959,3458,14010,31701,30613,29099,9774,8359,6952,2859,4913,1722,8831,4153,15304,34108,32841,30822,11826,10473,8257,3987
178626,0500000US51700,"Newport News city, Virginia",22123,6439,41278,21654,78749,140997,137348,125941,34393,29109,23417,9699,11520,3873,21898,11435,39857,67866,65243,59047,15972,12814,9855,3571,10603,2566,19380,10219,38892,73131,72105,66894,18421,16295,13562,6128
244076,0500000US51710,"Norfolk city, Virginia",25391,6487,47774,43256,124814,200900,196302,178737,40557,35063,27271,10700,12899,3139,24163,26856,70483,105145,102935,93361,17829,14985,11486,4129,12492,3348,23611,16400,54331,95755,93367,85376,22728,20078,15785,6571
450189,0500000US51810,"Virginia Beach city, Virginia",55150,16201,99439,41697,191922,362105,350750,334987,90171,79425,63851,26408,28268,8344,50955,22574,98701,176167,170322,162303,39206,34624,27362,10730,26882,7857,48484,19123,93221,185938,180428,172684,50965,44801,36489,15678
77036,0500000US53007,"Chelan County, Washington",10535,2779,18053,5692,28251,60734,58983,56543,19243,17156,14418,6103,5511,1105,9050,3369,13858,N,29536,28141,9282,8366,6817,2753,5024,1674,9003,2323,14393,N,29447,28402,9961,8790,7601,3350
114277,0500000US01015,"Calhoun County, Alabama",13126,4216,24484,10621,43718,93284,89793,84973,28370,24963,20515,8275,6669,1935,12399,5613,21660,44256,42655,39902,12107,10741,8619,3101,6457,2281,12085,5008,22058,49028,47138,45071,16263,14222,11896,5174
651215,0500000US08005,"Arapahoe County, Colorado",86298,26361,152661,53641,275272,516120,498554,477945,123453,107357,85009,31162,44591,13219,78200,28037,140449,254268,244968,232821,56197,48423,37539,12552,41707,13142,74461,25604,134823,261852,253586,245124,67256,58934,47470,18610
80809,0500000US13013,"Barrow County, Georgia",12066,3718,20961,6855,32632,62605,59848,57316,14226,12601,10243,3586,6534,2093,11313,3440,16329,30141,28604,27215,6251,5527,4294,1431,5532,1625,9648,3415,16303,32464,31244,30101,7975,7074,5949,2155
70422,0500000US13157,"Jackson County, Georgia",9611,4017,17896,5234,27532,55402,52526,50339,13979,12499,10244,4265,5183,1705,9132,2483,13261,26773,25630,24376,6708,5798,4782,1847,4428,2312,8764,2751,14271,28629,26896,25963,7271,6701,5462,2418
201554,0500000US13245,"Richmond County, Georgia",25217,7331,45628,23371,87826,160792,155926,146529,42346,37121,28148,10791,13337,3690,21787,12996,44781,77057,74317,69441,17880,15040,11699,4115,11880,3641,23841,10375,43045,83735,81609,77088,24466,22081,16449,6676
70034,0500000US13285,"Troup County, Georgia",9651,3109,17162,8362,28969,54813,52872,49912,14772,13597,10065,4056,4628,1822,8440,4077,14250,N,24522,23339,6154,5581,4105,1397,5023,1287,8722,4285,14719,N,28350,26573,8618,8016,5960,2659
96854,0500000US19061,"Dubuque County, Iowa",10840,3594,21527,9971,36638,77985,75327,70571,23860,21476,17441,7923,5355,1891,10392,5064,19274,38883,37484,35106,10798,9672,7617,3032,5485,1703,11135,4907,17364,39102,37843,35465,13062,11804,9824,4891
131264,0500000US21227,"Warren County, Kentucky",17108,4918,30077,20526,58767,104852,101187,90355,23899,20941,17362,6614,9129,2279,15410,10179,29449,51022,49276,44108,10291,9243,7905,2763,7979,2639,14667,10347,29318,53830,51911,46247,13608,11698,9457,3851
103551,0500000US27019,"Carver County, Minnesota",15911,5640,27756,8218,39941,79260,75795,72364,18200,15832,12680,4975,7817,2888,13837,4261,19661,38618,36799,35140,8199,7030,5591,2108,8094,2752,13919,3957,20280,40642,38996,37224,10001,8802,7089,2867
75317,0500000US28075,"Lauderdale County, Mississippi",11183,1932,17728,6364,27433,58613,57589,54484,17239,15125,12938,5612,5283,947,8545,3770,13776,28026,27556,25357,7847,6894,5532,2150,5900,985,9183,2594,13657,30587,30033,29127,9392,8231,7406,3462
85202,0500000US28081,"Lee County, Mississippi",12118,3035,20753,7872,33785,66408,64449,60723,17917,15648,12097,5197,5966,1672,10414,4864,16930,31698,30639,28156,7614,6476,4802,1700,6152,1363,10339,3008,16855,34710,33810,32567,10303,9172,7295,3497
153902,0500000US28121,"Rankin County, Mississippi",20099,6733,35671,12162,63591,123138,118231,113902,32059,28049,23460,8988,10401,3443,18570,6316,30686,58606,56046,53085,13816,12545,10165,3572,9698,3290,17101,5846,32905,64532,62185,60817,18243,15504,13295,5416
178599,0500000US36111,"Ulster County, New York",17973,5738,31311,17131,66477,151260,147288,140153,49420,42153,35125,14719,9371,2657,15602,8705,34365,74374,72940,69701,22680,19132,15852,6184,8602,3081,15709,8426,32112,76886,74348,70452,26740,23021,19273,8535
1092305,0500000US37183,"Wake County, North Carolina",148387,45347,261532,99545,468530,860242,830773,787428,182863,159476,126840,46973,75406,22768,132966,49678,230557,413468,398642,376103,81397,68842,54782,19016,72981,22579,128566,49867,237973,446774,432131,411325,101466,90634,72058,27957
309461,0500000US39093,"Lorain County, Ohio",38231,12323,68263,27801,110908,249678,241198,228190,79585,70893,56905,23659,19624,6465,35350,14315,56798,121629,117187,110395,35411,31271,25013,9758,18607,5858,32913,13486,54110,128049,124011,117795,44174,39622,31892,13901
82040,0500000US40119,"Payne County, Oklahoma",8970,2949,16208,20856,43261,67411,65832,55108,14821,12461,10980,4426,4517,1694,8266,11108,23487,34512,33764,28629,6718,5411,4839,1852,4453,1255,7942,9748,19774,32899,32068,26479,8103,7050,6141,2574
91984,0500000US40131,"Rogers County, Oklahoma",12091,4067,21479,7844,34787,73119,70505,67348,20639,18564,14987,6055,6222,1982,11016,3988,17442,35908,34779,33067,9534,8784,6876,2737,5869,2085,10463,3856,17345,37211,35726,34281,11105,9780,8111,3318
113664,0500000US42081,"Lycoming County, Pennsylvania",12827,4203,23317,10366,41715,93463,90347,83997,30539,26998,21901,9689,6529,1715,11172,5622,20710,44682,43497,39547,13876,12113,9697,3850,6298,2488,12145,4744,21005,48781,46850,44450,16663,14885,12204,5839
221091,0500000US45015,"Berkeley County, South Carolina",30113,8253,52742,20425,90648,172810,168349,158646,44406,38253,30809,11014,15479,4396,27780,11832,46973,85548,83008,76933,20303,18043,14035,4896,14634,3857,24962,8593,43675,87262,85341,81713,24103,20210,16774,6118
106512,0500000US45085,"Sumter County, South Carolina",13968,4102,25144,10429,41657,84264,81368,77666,23793,21577,17568,7300,7010,2005,13127,5690,20999,39850,38403,36298,10705,9564,7300,2875,6958,2097,12017,4739,20658,44414,42965,41368,13088,12013,10268,4425
71012,0500000US47147,"Robertson County, Tennessee",9634,2875,16931,5772,26393,56014,54081,51445,14932,12909,10130,3848,4847,1368,8460,3145,13232,27320,26498,25189,6956,5952,4701,1679,4787,1507,8471,2627,13161,28694,27583,26256,7976,6957,5429,2169
1005146,0500000US48085,"Collin County, Texas",150912,47274,260477,82326,418097,774988,744669,708842,159747,140281,110445,40334,76728,24288,132804,42174,206820,377006,361905,342176,72207,61013,48384,16919,74184,22986,127673,40152,211277,397982,382764,366666,87540,79268,62061,23415
69907,0500000US49045,"Tooele County, Utah",13354,3994,22890,6427,30354,49860,47017,44149,10681,8491,6359,2525,6864,2191,11950,3288,15561,N,23766,22248,5154,4269,3163,1359,6490,1803,10940,3139,14793,N,23251,21901,5527,4222,3196,1166
79604,0500000US53041,"Lewis County, Washington",9299,2796,16999,5816,27459,64562,62605,60116,23303,20546,16580,6688,4663,1510,8960,3118,14103,31892,31009,29536,10885,9949,7982,3022,4636,1286,8039,2698,13356,32670,31596,30580,12418,10597,8598,3666
891299,0500000US53053,"Pierce County, Washington",117481,32467,209271,79197,369894,704400,682028,650636,176887,155612,123257,47640,60268,16549,107420,41998,189583,346977,336358,319888,82272,71066,55313,19569,57213,15918,101851,37199,180311,357423,345670,330748,94615,84546,67944,28071
106420,0500000US54061,"Monongalia County, West Virginia",10053,2558,17697,22489,55941,90787,88723,78583,19179,16592,13176,5283,5337,1384,9458,11984,29957,46693,45665,40494,9169,8012,6146,2316,4716,1174,8239,10505,25984,44094,43058,38089,10010,8580,7030,2967
263378,0500000US55009,"Brown County, Wisconsin",35595,10274,62704,24701,102005,207973,200674,188843,55808,48570,39372,16334,17928,5259,32043,12260,52193,103016,98959,92592,26408,22613,17727,6885,17667,5015,30661,12441,49812,104957,101715,96251,29400,25957,21645,9449
78041,0500000US06115,"Yuba County, California",11754,3587,21261,7192,32530,59048,56780,54188,14990,12898,9383,3587,6204,1901,11356,3927,16911,29719,28463,27370,6912,5841,4222,1459,5550,1686,9905,3265,15619,29329,28317,26818,8078,7057,5161,2128
289195,0500000US13051,"Chatham County, Georgia",33605,9748,61165,32134,124249,234490,228030,214308,60778,52986,44131,17720,17384,4770,31248,15664,60887,110605,107752,101843,25846,23175,18808,7017,16221,4978,29917,16470,63362,123885,120278,112465,34932,29811,25323,10703
289615,0500000US13063,"Clayton County, Georgia",46024,12665,80557,29840,125223,218829,209058,197219,41115,34816,26880,8760,23453,6182,40366,14740,58205,99707,94751,88568,17568,14922,11264,3154,22571,6483,40191,15100,67018,119122,114307,108651,23547,19894,15616,5606
113459,0500000US13113,"Fayette County, Georgia",15831,5481,26094,10450,38319,90842,87365,82345,27937,24874,20284,7599,8110,3181,13833,5135,19017,43653,41547,38424,12679,11264,9045,3234,7721,2300,12261,5315,19302,47189,45818,43921,15258,13610,11239,4365
164044,0500000US13223,"Paulding County, Georgia",24314,8244,43620,14064,68394,127381,120424,114423,24743,20770,16871,6369,12491,3755,21897,6648,32862,61151,58096,54411,10770,9478,7647,3031,11823,4489,21723,7416,35532,66230,62328,60012,13973,11292,9224,3338
928589,0500000US17043,"DuPage County, Illinois",117788,37642,210579,80095,355916,743427,718010,684012,207758,180086,143761,58532,60319,19776,108381,40774,180659,361690,348335,330930,94918,81208,63642,22925,57469,17866,102198,39321,175257,381737,369675,353082,112840,98878,80119,35607
534216,0500000US17089,"Kane County, Illinois",76902,25262,135996,48260,209315,416589,398220,377055,102960,89754,73081,28471,39263,13077,69860,25008,106835,206020,196464,184737,47771,40492,32988,11953,37639,12185,66136,23252,102480,210569,201756,192318,55189,49262,40093,16518
484411,0500000US18089,"Lake County, Indiana",63718,20382,113030,42336,182908,385577,371381,353226,113549,100700,79924,33817,32557,10301,57884,21703,90699,183761,176800,167918,50384,44305,34435,13207,31161,10081,55146,20633,92209,201816,194581,185308,63165,56395,45489,20610
101104,0500000US21059,"Daviess County, Kentucky",14108,4031,24701,8319,37813,78526,76403,72777,23802,20692,17052,7251,7148,2142,12803,4278,18930,37829,36672,34630,10601,9082,7329,2803,6960,1889,11898,4041,18883,40697,39731,38147,13201,11610,9723,4448
66470,0500000US21185,"Oldham County, Kentucky",10822,3144,17124,5347,25277,51121,49346,46711,12881,10814,8651,3201,5083,1604,8242,3081,14299,27534,26507,24917,6097,4894,4076,1348,5739,1540,8882,2266,10978,23587,22839,21794,6784,5920,4575,1853
790638,0500000US25009,"Essex County, Massachusetts",93640,30184,168346,73233,295837,642420,622292,589250,186975,166222,134878,57276,47712,15761,86092,37313,147456,306342,295777,278843,82713,72944,58042,21902,45928,14423,82254,35920,148381,336078,326515,310407,104262,93278,76836,35374
1753893,0500000US26163,"Wayne County, Michigan",227982,71498,414230,151939,678386,1386184,1339663,1276405,386924,338541,270261,112066,116261,36701,211644,76109,332921,656731,633297,600105,170135,146623,114333,43301,111721,34797,202586,75830,345465,729453,706366,676300,216789,191918,155928,68765
102985,0500000US29165,"Platte County, Missouri",14520,4132,24332,7890,40745,81079,78653,75965,21196,18447,15028,5719,7685,2207,12858,4079,20165,39320,37919,36382,10262,8677,6848,2336,6835,1925,11474,3811,20580,41759,40734,39583,10934,9770,8180,3383
70795,0500000US36053,"Madison County, New York",7667,2718,13477,9613,26591,59098,57318,51297,18851,16439,13087,5363,3865,1219,6680,4796,13212,28769,28139,24858,9167,7863,6028,2239,3802,1499,6797,4817,13379,30329,29179,26439,9684,8576,7059,3124
141262,0500000US37159,"Rowan County, North Carolina",18782,6091,31435,12261,53408,113492,109827,103476,32944,30220,24596,10170,10984,3606,18255,5713,26555,55185,53042,50268,14620,13377,11068,4114,7798,2485,13180,6548,26853,58307,56785,53208,18324,16843,13528,6056
102665,0500000US39029,"Columbiana County, Ohio",11696,3650,20872,7846,34557,84414,81793,78258,29161,25566,21175,8795,5781,1900,10222,4453,18526,42909,41367,39652,13403,11656,9721,3502,5915,1750,10650,3393,16031,41505,40426,38606,15758,13910,11454,5293
77516,0500000US41059,"Umatilla County, Oregon",11671,3159,19889,6901,30389,59867,57627,54189,16703,13813,11922,4920,5849,1635,9447,3951,16528,31443,30341,28764,8076,6617,5632,2103,5822,1524,10442,2950,13861,28424,27286,25425,8627,7196,6290,2817
564751,0500000US42045,"Delaware County, Pennsylvania",68812,21755,123763,55610,219730,454702,440988,414706,128930,113729,92451,40892,35030,11289,63560,27882,108718,215568,208527,194808,56885,49372,39202,15574,33782,10466,60203,27728,111012,239134,232461,219898,72045,64357,53249,25318
86184,0500000US42073,"Lawrence County, Pennsylvania",9161,3273,16795,6871,29069,71732,69389,66196,26361,22805,18978,8534,4564,1924,8554,3402,14972,34669,33365,32241,11812,10023,8227,3408,4597,1349,8241,3469,14097,37063,36024,33955,14549,12782,10751,5126
935764,0500000US47157,"Shelby County, Tennessee",130201,38005,233189,86460,380295,729488,702575,666905,191123,165423,127036,48598,66211,19266,118335,43087,184965,339535,326943,307821,82531,70795,52975,18217,63990,18739,114854,43373,195330,389953,375632,359084,108592,94628,74061,30381
126770,0500000US04003,"Cochise County, Arizona",15626,4518,27247,10955,44869,102489,99523,93010,38672,34210,28402,12272,7727,2065,14015,6199,24314,52062,50980,47126,18794,16473,13628,5627,7899,2453,13232,4756,20555,50427,48543,45884,19878,17737,14774,6645
142854,0500000US04005,"Coconino County, Arizona",17294,4888,29455,29016,69046,116671,113399,97108,25698,22956,17813,6652,8789,2674,15138,13254,34097,57225,55383,49053,12494,10939,8589,2945,8505,2214,14317,15762,34949,59446,58016,48055,13204,12017,9224,3707
136373,0500000US06023,"Humboldt County, California",14910,3890,26135,17611,57658,112359,110238,102269,35287,30861,24296,9069,7853,2170,14056,8388,29643,55926,54666,51145,16721,14584,11153,3815,7057,1720,12079,9223,28015,56433,55572,51124,18566,16277,13143,5254
157672,0500000US06039,"Madera County, California",24615,6723,43123,15148,63858,119395,114549,107163,30154,27048,22099,8586,12217,3401,21454,7307,30915,57485,55119,51413,14381,12596,10906,4104,12398,3322,21669,7841,32943,61910,59430,55750,15773,14452,11193,4482
367990,0500000US12097,"Osceola County, Florida",50787,15847,89970,35472,156979,288757,278020,262877,69040,58414,48427,18351,26113,7920,43737,18472,79563,140865,135418,128598,30650,27149,21498,7742,24674,7927,46233,17000,77416,147892,142602,134279,38390,31265,26929,10609
127330,0500000US13059,"Clarke County, Georgia",11753,3177,21439,35036,72562,108297,105891,89333,20634,18683,15023,5756,6139,1866,11358,17264,35319,51130,49764,41866,9181,8388,6792,2143,5614,1311,10081,17772,37243,57167,56127,47467,11453,10295,8231,3613
104062,0500000US13313,"Whitfield County, Georgia",14733,5835,27387,9580,42368,80621,76675,72076,20054,17912,14588,5774,7538,3269,14238,4975,21542,39371,37383,35046,8657,8091,6846,2326,7195,2566,13149,4605,20826,41250,39292,37030,11397,9821,7742,3448
116854,0500000US16019,"Bonneville County, Idaho",21056,5812,36116,9521,46217,84177,80738,76928,20981,18536,15046,6139,11132,2814,18680,4705,23316,41673,40158,38402,9766,8499,6886,2614,9924,2998,17436,4816,22901,42504,40580,38526,11215,10037,8160,3525
111021,0500000US22109,"Terrebonne Parish, Louisiana",17355,3941,28293,9583,43110,85510,82728,80026,23036,20401,16642,6152,8470,2347,14245,5165,21311,40470,39069,37035,10398,9050,7113,2464,8885,1594,14048,4418,21799,45040,43659,42991,12638,11351,9529,3688
102826,0500000US24015,"Cecil County, Maryland",13217,4231,23118,8862,37579,82700,79708,76399,24987,21866,16204,5949,6445,2267,11733,4759,19087,40701,39062,37305,11344,9872,7619,2675,6772,1964,11385,4103,18492,41999,40646,39094,13643,11994,8585,3274
112664,0500000US24037,"St. Mary's County, Maryland",16241,5132,27201,12215,45071,88694,85463,79732,21778,18702,15006,6310,7862,2901,13546,5648,22354,44124,41977,39610,10504,8620,6818,2868,8379,2231,13655,6567,22717,44570,43486,40122,11274,10082,8188,3442
213413,0500000US25001,"Barnstable County, Massachusetts",18868,6517,32580,14237,58834,185817,180833,175153,84127,77074,65453,28131,10044,3371,16611,7805,30321,87194,84572,81314,36902,34069,28524,11700,8824,3146,15969,6432,28513,98623,96261,93839,47225,43005,36929,16431
705388,0500000US25021,"Norfolk County, Massachusetts",82250,27578,147526,61664,269163,576828,557862,533525,165458,146246,118958,52775,41831,13889,74926,30054,132014,272537,263909,252940,72778,63235,50510,20752,40419,13689,72600,31610,137149,304291,293953,280585,92680,83011,68448,32023
259201,0500000US27163,"Washington County, Minnesota",36480,11569,63648,18920,97265,203198,195553,187296,54325,48279,38724,15335,18655,6138,32419,10336,49878,100147,95883,91155,25056,21767,17566,6635,17825,5431,31229,8584,47387,103051,99670,96141,29269,26512,21158,8700
62607,0500000US34033,"Salem County, New Jersey",8167,2358,13607,4575,22049,50712,49000,47495,16661,14388,11735,4976,4577,1234,7444,2409,11291,24403,23375,22512,7820,6450,5380,2064,3590,1124,6163,2166,10758,26309,25625,24983,8841,7938,6355,2912
331164,0500000US34035,"Somerset County, New Jersey",41910,13717,72516,27336,122102,266674,258648,246825,76048,66837,51619,23081,21306,7160,37261,14829,60879,128764,124675,117964,34182,29661,22209,9214,20604,6557,35255,12507,61223,137910,133973,128861,41866,37176,29410,13867
2278906,0500000US36081,"Queens County, New York",246200,71143,458368,173996,924719,1869987,1820538,1750152,499303,435146,357630,156055,126119,36515,234957,86444,461310,895281,870620,834484,216004,185857,151243,60388,120081,34628,223411,87552,463409,974706,949918,915668,283299,249289,206387,95667
967612,0500000US36119,"Westchester County, New York",119069,39039,211845,85197,358616,783313,755767,718592,228317,200656,165337,77004,61358,20296,109402,42202,179145,374378,359435,340701,98942,86113,70421,29628,57711,18743,102443,42995,179471,408935,396332,377891,129375,114543,94916,47376
83770,0500000US37109,"Lincoln County, North Carolina",9993,3686,17649,5535,28289,68773,66121,63221,19646,17293,14281,5378,5035,1852,9077,2789,14135,33476,32286,30798,9102,7559,6379,2335,4958,1834,8572,2746,14154,35297,33835,32423,10544,9734,7902,3043
1218452,0500000US42003,"Allegheny County, Pennsylvania",124931,38791,227749,107418,477023,1015769,990703,945318,320662,282762,229919,102570,63966,19529,116071,53375,240002,485645,472588,450315,140250,122379,96901,38698,60965,19262,111678,54043,237021,530124,518115,495003,180412,160383,133018,63872
160647,0500000US45035,"Dorchester County, South Carolina",22726,6926,39214,13902,64901,126542,121433,114225,31436,26993,22439,8290,11924,3706,20360,7279,32275,60465,57991,54169,13891,12016,9944,3386,10802,3220,18854,6623,32626,66077,63442,60056,17545,14977,12495,4904
96493,0500000US48231,"Hunt County, Texas",13021,3807,23048,10341,37082,75537,73445,67725,22077,19461,14784,6028,6716,2148,12056,4787,19175,37222,35828,33548,10462,9231,6715,2621,6305,1659,10992,5554,17907,38315,37617,34177,11615,10230,8069,3407
134313,0500000US51650,"Hampton city, Virginia",14598,4601,27543,16655,56858,109757,106770,99435,28622,24932,20695,8605,7292,2249,13835,8397,28633,52146,50609,47277,12026,9962,8612,3213,7306,2352,13708,8258,28225,57611,56161,52158,16596,14970,12083,5392
92387,0500000US01077,"Lauderdale County, Alabama",9916,3040,17876,10108,34565,76012,74511,69546,24132,22017,18419,8059,5672,2213,10400,4556,17547,36584,35246,32935,10908,10288,8073,3286,4244,827,7476,5552,17018,39428,39265,36611,13224,11729,10346,4773
266784,0500000US09011,"New London County, Connecticut",29422,9559,51733,25541,99689,221413,215051,204989,68253,59891,48314,20963,15224,4781,26266,14105,53090,110630,107319,101812,32650,28016,22128,8770,14198,4778,25467,11436,46599,110783,107732,103177,35603,31875,26186,12193
195348,0500000US17167,"Sangamon County, Illinois",24631,7851,43207,16147,72506,157686,152141,145882,48685,43701,34683,14309,12902,4344,22756,8232,35949,75378,72065,68643,21485,19347,14867,5593,11729,3507,20451,7915,36557,82308,80076,77239,27200,24354,19816,8716
770517,0500000US21111,"Jefferson County, Kentucky",94340,28161,170794,65597,304016,619256,599723,571122,175637,153452,124421,51339,48240,14269,87228,33136,151556,294789,285119,270687,76045,65904,52782,19540,46100,13892,83566,32461,152460,324467,314604,300435,99592,87548,71639,31799
92368,0500000US21151,"Madison County, Kentucky",10561,2996,18481,16286,42241,75534,73887,66852,17701,15599,12719,4969,5471,1556,9337,7820,21014,36627,35884,32513,8220,6763,5656,2033,5090,1440,9144,8466,21227,38907,38003,34339,9481,8836,7063,2936
127185,0500000US22015,"Bossier Parish, Louisiana",18673,4833,31590,12217,53959,99147,95595,90672,24787,22222,17634,7036,9672,2015,15688,6611,27162,47893,46447,44000,11140,9622,7762,2829,9001,2818,15902,5606,26797,51254,49148,46672,13647,12600,9872,4207
92003,0500000US24009,"Calvert County, Maryland",12373,4299,21300,7090,33355,73713,70703,68542,19606,17160,13475,5128,6751,2319,11624,3477,16963,35949,34597,33231,9219,8054,6230,2222,5622,1980,9676,3613,16392,37764,36106,35311,10387,9106,7245,2906
134487,0500000US26025,"Calhoun County, Michigan",17812,4816,30702,11555,48519,106995,103785,97512,33975,28945,24047,10515,8846,2721,16253,5495,24138,51891,49873,47130,15694,13340,10873,4303,8966,2095,14449,6060,24381,55104,53912,50382,18281,15605,13174,6212
621354,0500000US34025,"Monmouth County, New Jersey",75074,25755,131726,51557,216086,507630,489628,468674,155312,135313,109200,46476,38215,13203,67419,25761,108591,243997,235224,223698,71017,60481,47681,18244,36859,12552,64307,25796,107495,263633,254404,244976,84295,74832,61519,28232
1093901,0500000US37119,"Mecklenburg County, North Carolina",142876,42147,257714,99275,487847,863355,836187,795715,179491,155387,122591,46451,72183,21202,130801,48292,238101,408966,395621,375920,78588,67183,51462,17632,70693,20945,126913,50983,249746,454389,440566,419795,100903,88204,71129,28819
94031,0500000US39055,"Geauga County, Ohio",11985,4322,21318,8068,30120,75700,72713,69158,26680,23307,19507,8414,6072,2213,10816,4579,15600,37291,35908,33732,12636,10961,8956,3526,5913,2109,10502,3489,14520,38409,36805,35426,14044,12346,10551,4888
86183,0500000US39119,"Muskingum County, Ohio",10897,3521,19683,7177,31069,69228,66500,63189,21919,18550,15189,6522,5459,1998,10009,3671,15840,33868,32134,30613,9924,8289,6622,2616,5438,1523,9674,3506,15229,35360,34366,32576,11995,10261,8567,3906
127335,0500000US41043,"Linn County, Oregon",15447,5036,27940,10262,47779,102520,99395,94786,32079,29575,24586,9953,7829,2651,14429,5071,23596,49580,48232,45457,15233,14046,11509,4492,7618,2385,13511,5191,24183,52940,51163,49329,16846,15529,13077,5461
628195,0500000US42017,"Bucks County, Pennsylvania",72646,24832,128214,50326,218393,516676,499981,479713,162101,144104,117060,50363,37090,12512,65392,25910,110365,251213,242732,231759,74747,65340,52310,20638,35556,12320,62822,24416,108028,265463,257249,247954,87354,78764,64750,29725
304807,0500000US42095,"Northampton County, Pennsylvania",34988,11605,60924,31187,112541,251462,243883,228353,76871,69254,57663,25957,18324,5952,31524,16757,57562,122375,118451,109283,34357,30408,24988,10329,16664,5653,29400,14430,54979,129087,125432,119070,42514,38846,32675,15628
86934,0500000US45075,"Orangeburg County, South Carolina",10901,3204,18752,8839,32234,69585,68182,62444,22804,20137,16866,6803,5724,1428,9419,4261,15651,32452,31544,29017,9851,8701,7167,2676,5177,1776,9333,4578,16583,37133,36638,33427,12953,11436,9699,4127
1986049,0500000US48029,"Bexar County, Texas",282236,83916,508269,205618,874420,1534680,1477780,1387422,340969,297466,240452,96350,143627,42422,258385,106882,445461,751521,722215,675150,149525,131188,104296,38561,138609,41494,249884,98736,428959,783159,755565,712272,191444,166278,136156,57789
148373,0500000US48091,"Comal County, Texas",18860,6145,33673,11808,53480,119542,114700,108914,38636,33415,26442,9671,9705,3290,17464,5901,27516,59244,56318,53219,18127,15008,12419,4648,9155,2855,16209,5907,25964,60298,58382,55695,20509,18407,14023,5023
83572,0500000US48361,"Orange County, Texas",10679,3816,20803,7340,31675,65739,62769,59994,19473,16703,13333,5715,5489,2246,10958,4087,16585,32183,30562,29358,8965,7366,5953,2401,5190,1570,9845,3253,15090,33556,32207,30636,10508,9337,7380,3314
68305,0500000US48497,"Wise County, Texas",9454,3007,16842,6062,25353,53681,51463,47743,14871,13314,10070,3894,4729,1693,8523,2991,12332,N,25602,23678,7606,6623,4925,1824,4725,1314,8319,3071,13021,N,25861,24065,7265,6691,5145,2070
76737,0500000US53009,"Clallam County, Washington",7639,2106,13075,4855,22817,65156,63662,61222,28540,26223,22161,9263,3817,1139,6890,2888,12307,32389,31500,30171,13031,11849,10281,4301,3822,967,6185,1967,10510,32767,32162,31051,15509,14374,11880,4962
170480,0500000US72021,"Bayamón Municipio, Puerto Rico",16963,6018,29655,16151,65375,145301,140825,133348,47765,43714,37518,18986,8719,3024,15203,8580,32964,67346,65008,61345,19353,17808,15325,7488,8244,2994,14452,7571,32411,77955,75817,72003,28412,25906,22193,11498
74623,0500000US72137,"Toa Baja Municipio, Puerto Rico",8157,2868,14009,7148,29493,62985,60614,57359,19142,17405,14723,6531,4098,1414,7056,3597,14323,28882,27800,26082,8212,7273,6262,2743,4059,1454,6953,3551,15170,34103,32814,31277,10930,10132,8461,3788
231993,0500000US04025,"Yavapai County, Arizona",20930,6690,37293,16125,61880,198754,194700,185876,95141,87115,73656,29825,10948,2981,19260,8416,31235,95899,93751,89327,44962,41391,34951,14069,9982,3709,18033,7709,30645,102855,100949,96549,50179,45724,38705,15756
145331,0500000US13097,"Douglas County, Georgia",21469,7103,37435,14015,59595,112848,107896,100338,25119,21693,17286,6140,11095,3731,18861,7756,28890,52769,50525,45532,11736,9879,7775,2685,10374,3372,18574,6259,30705,60079,57371,54806,13383,11814,9511,3455
927781,0500000US13135,"Gwinnett County, Georgia",142474,45233,248878,84403,386024,710142,678903,638868,143352,120768,93705,33140,72087,22944,126103,43000,190705,342793,326204,306974,64447,54687,40753,14024,70387,22289,122775,41403,195319,367349,352699,331894,78905,66081,52952,19116
72133,0500000US15007,"Kauai County, Hawaii",8554,2621,15680,4693,25048,58085,56453,53913,20975,18185,14709,5823,4542,1671,8795,2381,12779,28832,27688,26182,9761,8296,6835,2325,4012,950,6885,2312,12269,29253,28765,27731,11214,9889,7874,3498
223499,0500000US16027,"Canyon County, Idaho",35595,10792,62419,21430,90154,168155,161080,150860,43574,39335,31930,12808,18011,5692,31815,11246,46084,82343,78984,73607,19865,18602,14426,5519,17584,5100,30604,10184,44070,85812,82096,77253,23709,20733,17504,7289
117360,0500000US18019,"Clark County, Indiana",15401,4218,26544,8515,46251,93457,90816,86908,26825,22881,18361,6927,7660,2098,13461,4281,22842,44592,43378,40991,11848,10002,7717,2709,7741,2120,13083,4234,23409,48865,47438,45917,14977,12879,10644,4218
132408,0500000US19013,"Black Hawk County, Iowa",15922,4618,28788,19463,57157,106931,103620,93332,29365,26658,21218,9187,8359,2564,14714,9416,28720,52324,50417,46231,13468,11861,9576,3808,7563,2054,14074,10047,28437,54607,53203,47101,15897,14797,11642,5379
131533,0500000US21015,"Boone County, Kentucky",18393,6227,33654,10673,52367,101655,97879,92792,24630,21440,17363,6585,10200,3520,18311,5448,26184,49546,47629,45123,11291,10013,7821,2733,8193,2707,15343,5225,26183,52109,50250,47669,13339,11427,9542,3852
434051,0500000US22051,"Jefferson Parish, Louisiana",52039,14930,95532,32422,164433,348359,338519,324846,104642,90999,74241,30573,26241,7548,48334,16631,81540,166955,161637,154459,45265,39915,32262,12194,25798,7382,47198,15791,82893,181404,176882,170387,59377,51084,41979,18379
206229,0500000US23031,"York County, Maine",22142,6799,38788,14578,69493,171367,167441,161590,59689,52062,42314,17169,11503,3542,20189,7420,34781,82345,79974,77256,26684,22774,18644,6963,10639,3257,18599,7158,34712,89022,87467,84334,33005,29288,23670,10206
323196,0500000US24027,"Howard County, Maryland",45105,14355,78570,25686,124733,253875,244626,234870,63880,56714,44739,16684,23138,7237,40185,13380,61526,121855,117406,112028,29028,25626,19882,6809,21967,7118,38385,12306,63207,132020,127220,122842,34852,31088,24857,9875
1052567,0500000US24031,"Montgomery County, Maryland",136663,41597,244087,82237,402659,835782,808480,774268,229016,202674,163645,70714,70254,20943,124627,42017,199551,398289,384753,366718,102506,89200,70804,28260,66409,20654,119460,40220,203108,437493,423727,407550,126510,113474,92841,42454
1259428,0500000US27053,"Hennepin County, Minnesota",152025,43053,276542,107152,536465,1011141,982886,938521,251746,220811,176860,73165,76955,21885,140502,53577,272017,497258,482818,459915,113667,98630,77830,29426,75070,21168,136040,53575,264448,513883,500068,478606,138079,122181,99030,43739
68461,0500000US28067,"Jones County, Mississippi",9067,3011,17031,5453,26714,53798,51430,48425,17432,14927,11875,4722,4555,1341,8021,2887,12842,N,24841,23049,7827,6288,5395,1818,4512,1670,9010,2566,13872,N,26589,25376,9605,8639,6480,2904
302838,0500000US29510,"St. Louis city, Missouri",30577,8076,57502,27453,136475,251015,245336,236381,63541,54271,41739,16533,15544,3954,29155,13455,67029,120628,117767,113770,28763,24032,17629,6051,15033,4122,28347,13998,69446,130387,127569,122611,34778,30239,24110,10482
799767,0500000US34013,"Essex County, New Jersey",105531,30893,188978,70473,323531,630633,610789,580368,156065,138956,108532,46590,53888,15618,96383,35434,159314,298563,288582,273081,66930,59649,44356,17021,51643,15275,92595,35039,164217,332070,322207,307287,89135,79307,64176,29569
369811,0500000US34021,"Mercer County, New Jersey",43733,14034,78695,42080,149221,300103,291116,274364,79032,68076,56001,23386,22414,6806,39943,20790,74807,145355,140654,133966,35254,29479,23863,8960,21319,7228,38752,21290,74414,154748,150462,140398,43778,38597,32138,14426
64265,0500000US36113,"Warren County, New York",6161,2250,11357,4618,21265,54356,52908,50870,20637,18449,14361,5854,3210,1273,5961,2346,11122,26946,25946,24896,9896,8354,6624,2455,2951,977,5396,2272,10143,27410,26962,25974,10741,10095,7737,3399
90064,0500000US36117,"Wayne County, New York",11047,3199,19313,6611,29828,72934,70751,68117,24219,21205,17292,7362,5831,1545,9879,3400,15449,35859,34911,33389,11198,9885,7978,3088,5216,1654,9434,3211,14379,37075,35840,34728,13021,11320,9314,4274
232274,0500000US37129,"New Hanover County, North Carolina",25500,6721,41986,30716,97084,194880,190288,177345,55769,51066,41479,16453,13323,3864,22490,15050,47749,92475,89531,83833,24835,22565,17983,6937,12177,2857,19496,15666,49335,102405,100757,93512,30934,28501,23496,9516
65767,0500000US39081,"Jefferson County, Ohio",6951,2409,12485,6351,22544,54805,53282,51077,19825,18221,14457,6246,3741,1410,6829,2984,11438,26353,25525,24722,8897,8184,6384,2527,3210,999,5656,3367,11106,28452,27757,26355,10928,10037,8073,3719
110683,0500000US42085,"Mercer County, Pennsylvania",12051,3942,21247,10781,38307,92056,89436,84175,32407,28942,23990,10800,6617,1941,11257,5422,20029,44867,43832,41199,14501,12892,10534,4214,5434,2001,9990,5359,18278,47189,45604,42976,17906,16050,13456,6586
73952,0500000US42111,"Somerset County, Pennsylvania",7285,2454,13094,5054,24768,62793,60858,58688,22637,19909,16525,7462,3695,1272,6724,2670,13985,32772,31709,30512,10543,9250,7526,2982,3590,1182,6370,2384,10783,30021,29149,28176,12094,10659,8999,4480
91185,0500000US51800,"Suffolk city, Virginia",12552,3647,22080,7184,34376,72305,69105,66682,19483,16750,13145,5323,6324,2450,11792,3590,17493,34757,32653,31392,9027,7712,5816,2175,6228,1197,10288,3594,16883,37548,36452,35290,10456,9038,7329,3148
2233163,0500000US53033,"King County, Washington",252208,71272,452860,181038,997414,1826241,1780303,1708025,420770,367735,294891,117464,128667,35574,230598,92357,514220,913036,890547,854217,191334,166186,130945,48234,123541,35698,222262,88681,483194,913205,889756,853808,229436,201549,163946,69230
67554,0500000US54033,"Harrison County, West Virginia",7661,2930,14002,5542,24405,55384,53552,50746,19181,16885,13272,5700,4063,1627,7444,2409,11769,26795,25569,24650,8800,7870,5808,2256,3598,1303,6558,3133,12636,28589,27983,26096,10381,9015,7464,3444
850967,0500000US06111,"Ventura County, California",110817,33925,194458,79873,334352,679810,656509,621087,183056,160620,132219,56159,55985,17055,98815,40904,170267,334730,322092,304122,83799,72701,59007,23341,54832,16870,95643,38969,164085,345080,334417,316965,99257,87919,73212,32818
181111,0500000US09005,"Litchfield County, Connecticut",18741,6793,33007,13622,58259,152876,148104,142441,54354,47152,37897,15572,9781,3396,17077,6853,29524,74507,72577,69524,25908,22568,17677,6579,8960,3397,15930,6769,28735,78369,75527,72917,28446,24584,20220,8993
162682,0500000US09007,"Middlesex County, Connecticut",16764,5745,28778,14777,57214,137651,133904,126847,46246,40406,32442,13930,8355,2784,14229,7716,28871,65873,64167,60164,20896,17698,14381,5679,8409,2961,14549,7061,28343,71778,69737,66683,25350,22708,18061,8251
70503,0500000US12023,"Columbia County, Florida",8709,2276,15313,5900,25855,56678,55190,51676,18109,16206,12978,5545,4899,777,7153,3676,14184,28807,28402,26187,8132,7269,5903,2511,3810,1499,8160,2224,11671,27871,26788,25489,9977,8937,7075,3034
67420,0500000US13047,"Catoosa County, Georgia",8240,2548,14028,6624,25480,55076,53392,51474,16359,14491,12069,4996,4432,1564,8524,2475,12374,N,24917,23911,7694,6526,5139,1975,3808,984,5504,4149,13106,N,28475,27563,8665,7965,6930,3021
90594,0500000US13247,"Rockdale County, Georgia",13549,3914,22317,8058,34454,71051,68277,63699,18996,16328,12806,4758,6934,1975,11717,4118,16008,32448,31045,28714,8405,7185,5496,2090,6615,1939,10600,3940,18446,38603,37232,34985,10591,9143,7310,2668
93503,0500000US13297,"Walton County, Georgia",13166,4199,23405,8095,35637,73162,70098,65863,18805,16783,14070,5925,6810,1945,11746,3712,16302,34884,33181,31437,8060,7312,6410,2518,6356,2254,11659,4383,19335,38278,36917,34426,10745,9471,7660,3407
87138,0500000US16005,"Bannock County, Idaho",12594,4409,22544,9031,37535,67606,64594,60496,16930,14558,12344,4984,5808,2371,11133,4828,19103,34468,32386,29995,8522,7184,5908,2203,6786,2038,11411,4203,18432,33138,32208,30501,8408,7374,6436,2781
576031,0500000US24003,"Anne Arundel County, Maryland",71667,20824,127974,49873,229435,461416,448057,429688,121105,106071,84811,34496,36584,10444,65036,27822,118134,226965,220508,209798,55296,48949,37591,14663,35083,10380,62938,22051,111301,234451,227549,219890,65809,57122,47220,19833
182001,0500000US28033,"DeSoto County, Mississippi",26479,8835,46708,15761,73905,141632,135293,127036,34610,29642,22973,9180,13436,4845,24230,7879,35925,67151,63714,59236,15083,13244,10042,3686,13043,3990,22478,7882,37980,74481,71579,67800,19527,16398,12931,5494
120636,0500000US29097,"Jasper County, Missouri",17620,4558,30076,10606,47597,93580,90560,86398,24457,22137,18699,8066,8956,2448,15742,5626,23904,45163,43318,41359,10657,9426,7969,3194,8664,2110,14334,4980,23693,48417,47242,45039,13800,12711,10730,4872
102106,0500000US30029,"Flathead County, Montana",12995,3813,22476,7073,35606,82687,79630,76800,28598,25222,19958,7346,6874,1886,11674,3921,18064,40925,39382,37602,14140,12600,9649,3337,6121,1927,10802,3152,17542,41762,40248,39198,14458,12622,10309,4009
678701,0500000US35001,"Bernalillo County, New Mexico",84709,25520,147370,61949,275043,548549,531331,504386,153101,134441,111216,44531,43465,13157,75621,31908,139341,266590,257629,244090,68628,60215,49066,18335,41244,12363,71749,30041,135702,281959,273702,260296,84473,74226,62150,26196
1432132,0500000US36005,"Bronx County, New York",195031,57254,355049,142692,611238,1115777,1077083,1020096,258173,227713,183165,81194,99397,29009,180348,71622,296096,512251,493603,465527,104335,90723,71944,28615,95634,28245,174701,71070,315142,603526,583480,554569,153838,136990,111221,52579
136744,0500000US37019,"Brunswick County, North Carolina",11100,4267,20910,8460,36282,119042,115834,112305,57841,53529,43663,14281,5871,2036,10592,4395,17761,56362,54728,52132,26759,24783,21125,6618,5229,2231,10318,4065,18521,62680,61106,60173,31082,28746,22538,7663
259103,0500000US37021,"Buncombe County, North Carolina",26315,8364,47576,19919,97995,217209,211527,204227,70645,63828,51821,21452,12622,4298,23828,9710,48762,102568,99947,96248,31477,27692,22596,8615,13693,4066,23748,10209,49233,114641,111580,107979,39168,36136,29225,12837
94016,0500000US37127,"Nash County, North Carolina",12453,3172,20421,7312,33417,75869,73595,70354,24766,20780,17446,6780,6208,1420,10984,3856,16734,36056,34905,32835,10709,9226,7512,2584,6245,1752,9437,3456,16683,39813,38690,37519,14057,11554,9934,4196
68557,0500000US37193,"Wilkes County, North Carolina",7408,2779,14044,4772,22609,56324,54513,51559,20609,19222,14695,6305,3551,1677,6915,2536,11714,27145,26345,24231,9028,8351,6358,2529,3857,1102,7129,2236,10895,29179,28168,27328,11581,10871,8337,3776
1243857,0500000US39035,"Cuyahoga County, Ohio",141654,45007,257827,108749,472767,1015678,986030,942915,315328,277520,226137,100588,72077,22531,131262,54611,232045,475968,461888,440527,137339,119696,95041,37986,69577,22476,126565,54138,240722,539710,524142,502388,177989,157824,131096,62602
816684,0500000US39061,"Hamilton County, Ohio",103206,31164,187275,75850,328830,650356,629409,597352,176569,155321,125017,53113,52568,15208,94953,38383,162091,308756,299253,282841,77747,67819,53129,20394,50638,15956,92322,37467,166739,341600,330156,314511,98822,87502,71888,32719
232173,0500000US39165,"Warren County, Ohio",32773,10689,56555,18117,88141,182403,175618,167182,45673,41034,33380,13230,17297,5269,29079,9455,46505,91285,88188,84436,20887,19096,14714,5415,15476,5420,27476,8662,41636,91118,87430,82746,24786,21938,18666,7815
144447,0500000US40017,"Canadian County, Oklahoma",21781,5794,37771,11506,59319,110262,106676,101089,26979,23730,18831,7272,10602,2762,18848,5901,29612,53420,51944,49063,12193,10676,8084,2986,11179,3032,18923,5605,29707,56842,54732,52026,14786,13054,10747,4286
522046,0500000US42029,"Chester County, Pennsylvania",68003,21660,118708,46609,193654,417840,403338,382894,120917,107591,85168,35546,34740,11177,60752,23486,97952,204680,196867,187563,56323,49597,38214,14873,33263,10483,57956,23123,95702,213160,206471,195331,64594,57994,46954,20673
368100,0500000US42077,"Lehigh County, Pennsylvania",47380,14002,83219,33733,141926,294087,284881,270583,85724,76489,62294,27370,24179,7335,43030,16897,71387,142345,137270,129864,38008,33603,27203,10606,23201,6667,40189,16836,70539,151742,147611,140719,47716,42886,35091,16764
295032,0500000US45063,"Lexington County, South Carolina",39337,11865,68466,21516,112365,234446,226566,215700,66741,58015,46772,18017,20113,5874,34504,10968,55343,112236,108313,102702,29652,25754,20585,7384,19224,5991,33962,10548,57022,122210,118253,112998,37089,32261,26187,10633
94340,0500000US47119,"Maury County, Tennessee",12638,3506,22116,6446,35609,74454,72224,68899,20713,17790,14739,5968,6453,2174,11845,3509,17811,N,34311,32581,9617,8374,6824,2553,6185,1332,10271,2937,17798,N,37913,36318,11096,9416,7915,3415
140625,0500000US47189,"Wilson County, Tennessee",19437,6046,33657,9861,52404,110741,106968,103079,31831,27335,22498,8420,10482,3255,17933,5044,25924,53326,51267,49051,14217,12939,10301,3625,8955,2791,15724,4817,26480,57415,55701,54028,17614,14396,12197,4795
66726,0500000US48203,"Harrison County, Texas",9951,3698,16892,7210,26560,52209,49834,46542,15607,14165,10877,4148,5251,1645,8337,3758,13066,24716,23896,22687,7196,6463,4759,1524,4700,2053,8555,3452,13494,27493,25938,23855,8411,7702,6118,2624
348556,0500000US51041,"Chesterfield County, Virginia",46753,15209,82720,30892,134729,277130,265836,251912,74491,66985,52026,18616,23962,7826,43409,15099,65277,130876,125246,118652,33994,31144,23238,7531,22791,7383,39311,15793,69452,146254,140590,133260,40497,35841,28788,11085
135693,0500000US55131,"Washington County, Wisconsin",16752,5436,29755,9678,46743,109378,105938,102356,34701,30638,24354,10425,8342,2715,14707,4754,23744,54154,52383,50339,16407,14118,11145,4358,8410,2721,15048,4924,22999,55224,53555,52017,18294,16520,13209,6067
892697,0500000US09003,"Hartford County, Connecticut",104957,34589,187303,80855,343738,730504,705394,669385,211880,187468,152674,68092,53304,17680,95536,41884,174190,351613,338830,319970,92487,81087,65168,26282,51653,16909,91767,38971,169548,378891,366564,349415,119393,106381,87506,41810
315534,0500000US12033,"Escambia County, Florida",36961,10025,65783,36055,127882,256430,249751,233353,74701,65633,52996,22175,18776,5198,34412,19925,66963,126449,122585,112439,33346,29061,23210,9011,18185,4827,31371,16130,60919,129981,127166,120914,41355,36572,29786,13164
205560,0500000US18039,"Elkhart County, Indiana",31882,9269,56622,18347,78771,155311,148938,141211,41493,36631,29730,12966,16191,4412,28676,9573,40315,75410,72756,68612,18193,15654,12720,5167,15691,4857,27946,8774,38456,79901,76182,72599,23300,20977,17010,7799
70116,0500000US18109,"Morgan County, Indiana",9337,3060,16262,5477,24126,55743,53854,51903,16282,14508,11732,4551,5073,1485,8603,2932,12088,27424,26368,25188,7767,6828,5340,1936,4264,1575,7659,2545,12038,28319,27486,26715,8515,7680,6392,2615
90180,0500000US19049,"Dallas County, Iowa",14750,4280,25588,6333,37933,67610,64592,62548,13977,12645,10686,4380,7447,2180,12997,3493,18462,32508,31135,29760,6126,5371,4542,1714,7303,2100,12591,2840,19471,35102,33457,32788,7851,7274,6144,2666
122083,0500000US23011,"Kennebec County, Maine",13122,4048,23001,10371,42616,102156,99082,95086,34835,31132,24870,10243,6457,2033,11463,5573,21579,49257,47794,45922,16126,14354,11153,4238,6665,2015,11538,4798,21037,52899,51288,49164,18709,16778,13717,6005
406892,0500000US26049,"Genesee County, Michigan",51499,16319,91553,34838,148312,325944,315339,299827,100363,86808,71160,30023,26530,8251,46785,17656,73053,154626,149183,141312,44800,37941,31027,12029,24969,8068,44768,17182,75259,171318,166156,158515,55563,48867,40133,17994
88028,0500000US26087,"Lapeer County, Michigan",10274,3851,18300,6814,29860,72141,69728,66942,23458,20202,15967,5996,5525,1956,9611,3586,15673,36357,35171,33641,11171,9589,7664,2659,4749,1895,8689,3228,14187,35784,34557,33301,12287,10613,8303,3337
190800,0500000US26145,"Saginaw County, Michigan",22676,7232,40848,18976,70240,154763,149952,139905,49620,44876,36766,15892,11680,3770,21454,10055,35445,74291,71939,66479,22599,19616,16240,6587,10996,3462,19394,8921,34795,80472,78013,73426,27021,25260,20526,9305
81643,0500000US30013,"Cascade County, Montana",9779,2700,17900,7105,31327,65079,63743,61031,21369,19261,15005,6604,5257,1331,9608,3614,16293,32633,32022,30490,10145,9325,7088,2884,4522,1369,8292,3491,15034,32446,31721,30541,11224,9936,7917,3720
2231647,0500000US32003,"Clark County, Nevada",292165,85544,517629,183810,910272,1770261,1714018,1633695,455810,404922,328690,127221,149013,43730,264050,93824,460138,877789,848568,806400,214763,189307,152960,57996,143152,41814,253579,89986,450134,892472,865450,827295,241047,215615,175730,69225
191659,0500000US36007,"Broome County, New York",20669,6280,36745,25683,74880,159298,154914,142687,50916,43959,36793,17176,10278,3141,18405,13217,38163,76594,74745,68534,22735,19258,15680,6626,10391,3139,18340,12466,36717,82704,80169,74153,28181,24701,21113,10550
293718,0500000US36027,"Dutchess County, New York",30908,11022,55347,32112,111956,245515,238371,224348,73499,64558,51573,22356,15864,5557,28238,15856,57582,121722,117918,110985,34164,30140,23127,9161,15044,5465,27109,16256,54374,123793,120453,113363,39335,34418,28446,13195
90382,0500000US37023,"Burke County, North Carolina",10040,3018,17172,6279,31699,75242,73210,70957,25163,22421,18047,8006,5302,1551,9111,3233,15879,36955,35904,35103,11463,10283,8028,3190,4738,1467,8061,3046,15820,38287,37306,35854,13700,12138,10019,4816
158652,0500000US37035,"Catawba County, North Carolina",20301,6047,35042,12527,57164,127730,123610,116574,38987,34702,28020,11121,9938,2842,17056,6537,28488,61725,59555,56235,17914,15540,12222,4295,10363,3205,17986,5990,28676,66005,64055,60339,21073,19162,15798,6826
98682,0500000US37125,"Moore County, North Carolina",10705,5078,20853,6598,33337,81077,77829,73999,31121,28684,23584,10893,5421,3251,11170,3887,17798,38996,36980,34693,14308,12675,10448,4808,5284,1827,9683,2711,15539,42081,40849,39306,16813,16009,13136,6085
65818,0500000US39009,"Athens County, Ohio",5412,1652,9575,19064,35146,57409,56243,45850,12145,10990,8637,3366,2938,1218,5454,9758,18366,28773,27865,23295,5652,4928,3809,1281,2474,434,4121,9306,16780,28636,28378,22555,6493,6062,4828,2085
134585,0500000US39023,"Clark County, Ohio",16943,5304,30121,12130,48422,108194,104464,98167,35238,31705,25957,11072,8816,2747,15437,5724,23598,51669,49577,46716,16052,14307,11414,4560,8127,2557,14684,6406,24824,56525,54887,51451,19186,17398,14543,6512
229642,0500000US39099,"Mahoning County, Ohio",24481,9425,46144,21093,81476,191068,183498,173763,67101,59908,48140,21634,12845,4831,24007,11301,42327,93106,89220,83962,30516,26730,20915,8239,11636,4594,22137,9792,39149,97962,94278,89801,36585,33178,27225,13395
344147,0500000US45051,"Horry County, South Carolina",34973,10657,61592,26473,115831,289323,282555,269228,111519,100309,83231,27876,18049,5777,32312,12413,57509,138206,134370,127100,50639,46293,39336,12440,16924,4880,29280,14060,58322,151117,148185,142128,60880,54016,43895,15436
465289,0500000US47093,"Knox County, Tennessee",55258,15914,97541,55113,192795,378125,367748,343736,100827,89141,73277,29803,28074,8098,49449,27987,95523,180902,175815,163090,45231,39078,31784,11934,27184,7816,48092,27126,97272,197223,191933,180646,55596,50063,41493,17869
70675,0500000US51061,"Fauquier County, Virginia",9280,3168,16608,4894,25504,56182,54067,51562,16654,14766,11933,5076,4262,1846,8340,2658,13040,27118,26174,24450,7425,6746,5452,2081,5018,1322,8268,2236,12464,29064,27893,27112,9229,8020,6481,2995
320967,0500000US72127,"San Juan Municipio, Puerto Rico",31218,11464,55776,30406,119092,271287,265191,252714,95440,85407,73383,36566,15654,5695,28016,14547,56429,121695,118671,112823,39664,35195,29572,14007,15564,5769,27760,15859,62663,149592,146520,139891,55776,50212,43811,22559
104722,0500000US01069,"Houston County, Alabama",13340,4369,24121,8412,39177,83421,80601,76990,25810,22958,18790,7763,7038,2164,12580,4200,19002,39352,37820,36018,11362,9970,8075,3097,6302,2205,11541,4212,20175,44069,42781,40972,14448,12988,10715,4666
446527,0500000US06083,"Santa Barbara County, California",56029,15838,99331,70029,196069,358433,347196,313544,93302,82955,68402,30819,28280,8125,50580,35533,101220,179030,172828,157117,43560,38392,30733,13017,27749,7713,48751,34496,94849,179403,174368,156427,49742,44563,37669,17802
559335,0500000US10003,"New Castle County, Delaware",67122,20954,120253,52055,223318,453995,439082,413065,123061,108428,87093,36032,33875,10624,60877,25930,111490,218059,210239,196766,54609,46952,37820,14713,33247,10330,59376,26125,111828,235936,228843,216299,68452,61476,49273,21319
179349,0500000US12113,"Santa Rosa County, Florida",22378,6898,39294,14228,69251,144746,140055,135175,42617,35943,28416,11047,11953,3818,20764,7421,37132,73582,71084,68369,19938,17381,13388,5211,10425,3080,18530,6807,32119,71164,68971,66806,22679,18562,15028,5836
69410,0500000US13295,"Walker County, Georgia",8328,2670,14990,6116,25047,56555,54420,51812,17857,15631,13093,5768,4606,1387,8199,3515,12760,27953,26768,25115,8087,6820,5845,2340,3722,1283,6791,2601,12287,28602,27652,26697,9770,8811,7248,3428
597555,0500000US20091,"Johnson County, Kansas",82394,25459,145641,47374,238259,469526,451914,434695,123222,108288,86524,33888,42040,12962,74870,23918,119894,228806,219214,209690,55486,48529,38219,13816,40354,12497,70771,23456,118365,240720,232700,225005,67736,59759,48305,20072
1614714,0500000US25017,"Middlesex County, Massachusetts",176754,56236,318633,161070,680578,1335097,1296081,1230238,344801,303846,246060,106931,90360,28851,162943,80983,342183,647939,627394,593462,153590,133194,106491,42567,86394,27385,155690,80087,338395,687158,668687,636776,191211,170652,139569,64364
807252,0500000US25025,"Suffolk County, Massachusetts",70309,21574,133658,110550,425297,688543,673594,623073,136676,118570,96952,40443,35612,10933,67700,52620,209146,330744,322762,299733,59203,50928,41061,15219,34697,10641,65958,57930,216151,357799,350832,323340,77473,67642,55891,25224
92573,0500000US26055,"Grand Traverse County, Michigan",11001,3298,18916,6523,32426,75878,73657,70560,25248,22595,18378,7210,5838,1746,10166,3361,16563,37047,35975,34194,11678,10343,8362,2872,5163,1552,8750,3162,15863,38831,37682,36366,13570,12252,10016,4338
199754,0500000US27137,"St. Louis County, Minnesota",21481,6511,38011,25363,77113,165951,161743,149316,53978,47481,38593,16255,10809,3375,19417,13157,39660,82569,80420,74242,25375,21876,17791,6576,10672,3136,18594,12206,37453,83382,81323,75074,28603,25605,20802,9679
184459,0500000US31153,"Sarpy County, Nebraska",28658,8323,50553,16183,77119,140146,133906,127053,31617,27032,22169,8771,14487,4392,25645,8583,39471,70221,66697,63030,14897,12465,10015,3752,14171,3931,24908,7600,37648,69925,67209,64023,16720,14567,12154,5019
415247,0500000US33011,"Hillsborough County, New Hampshire",47813,15780,84981,36361,159203,340143,330266,316242,94446,80841,64850,26622,24237,8034,42811,18708,81325,167521,162853,156102,43075,37117,29087,10536,23576,7746,42170,17653,77878,172622,167413,160140,51371,43724,35763,16086
676061,0500000US34017,"Hudson County, New Jersey",71736,19560,138221,53803,323112,550007,537840,517593,116561,101555,79918,34311,36364,9392,69807,28198,166910,271852,266290,255093,51798,43423,33361,13061,35372,10168,68414,25605,156202,278155,271550,262500,64763,58132,46557,21250
211342,0500000US37025,"Cabarrus County, North Carolina",30603,10029,54217,16601,83416,164370,157125,149782,38515,34612,28208,11323,16209,5241,28954,8333,41079,78236,74605,71141,16802,15160,12054,4690,14394,4788,25263,8268,42337,86134,82520,78641,21713,19452,16154,6633
95273,0500000US38015,"Burleigh County, North Dakota",12132,3174,21684,9497,38576,75865,73589,69261,20530,18123,15157,6717,6339,1583,11428,5031,20467,38051,36777,34507,9322,7958,6761,2693,5793,1591,10256,4466,18109,37814,36812,34754,11208,10165,8396,4024
230514,0500000US39085,"Lake County, Ohio",26281,9015,46210,17182,79990,190883,184304,177824,64958,56833,46347,19917,13852,4910,24014,8870,40836,92515,89112,85595,29310,25137,20226,7840,12429,4105,22196,8312,39154,98368,95192,92229,35648,31696,26121,12077
541918,0500000US39153,"Summit County, Ohio",63002,20397,113126,46387,202507,443156,428792,409447,137357,121669,97467,40934,32344,10101,57449,23574,101294,212610,205906,196626,61891,54851,42969,16337,30658,10296,55677,22813,101213,230546,222886,212821,75466,66818,54498,24597
71604,0500000US40037,"Creek County, Oklahoma",9589,2928,17062,5515,25902,56524,54542,51665,16957,15310,12424,5129,4946,1485,8791,2921,13167,27665,26582,24959,7859,7088,5555,2165,4643,1443,8271,2594,12735,28859,27960,26706,9098,8222,6869,2964
379611,0500000US41039,"Lane County, Oregon",40002,11587,69901,47610,155204,317579,309710,289321,100037,88863,73700,28669,20241,6203,36126,24104,78756,155013,150764,140697,45141,40940,34166,12574,19761,5384,33775,23506,76448,162566,158946,148624,54896,47923,39534,16095
102811,0500000US42001,"Adams County, Pennsylvania",11934,3689,21167,9245,34828,83856,81644,76479,28105,25272,20634,8794,6484,1904,11032,4738,17526,40748,39569,36868,13144,11728,9333,3778,5450,1785,10135,4507,17302,43108,42075,39611,14961,13544,11301,5016
251423,0500000US42041,"Cumberland County, Pennsylvania",28638,8617,50809,25790,95805,206170,200614,189325,62998,56923,46768,20262,14474,4438,26300,12537,49143,101053,98161,92814,27931,24934,20213,8278,14164,4179,24509,13253,46662,105117,102453,96511,35067,31989,26555,11984
364286,0500000US47065,"Hamilton County, Tennessee",42404,12629,75764,32471,141902,297020,288522,274004,88656,79379,63597,26529,21852,6433,38859,16032,69800,140361,136569,129433,39274,34746,27524,10288,20552,6196,36905,16439,72102,156659,151953,144571,49382,44633,36073,16241
128607,0500000US47179,"Washington County, Tennessee",14074,4032,24055,15777,50995,107473,104552,98334,31895,28575,23505,9895,6732,2221,12392,7811,25678,51947,50597,47815,13922,12520,10521,4058,7342,1811,11663,7966,25317,55526,53955,50519,17973,16055,12984,5837
127068,0500000US49005,"Cache County, Utah",21485,6163,38648,23524,62460,92518,88420,80385,16445,14376,11531,4838,10774,3233,19556,11317,31606,46185,44080,40235,8115,6933,5473,2193,10711,2930,19092,12207,30854,46333,44340,40150,8330,7443,6058,2645
108987,0500000US53015,"Cowlitz County, Washington",13816,4550,25393,8150,38606,86221,83594,80292,29096,26140,20856,8207,6810,2329,12666,3983,19103,42289,40927,39008,13701,12369,9759,3661,7006,2221,12727,4167,19503,43932,42667,41284,15395,13771,11097,4546
74254,0500000US54081,"Raleigh County, West Virginia",9239,2646,15716,5826,27073,60664,58538,55519,21307,19050,15492,6115,4682,1378,8191,3282,14354,30280,29239,27490,9992,8611,7038,2378,4557,1268,7525,2544,12719,30384,29299,28029,11315,10439,8454,3737
82114,0500000US72013,"Arecibo Municipio, Puerto Rico",8463,3097,14800,7718,30558,69525,67314,64642,23451,20940,17976,8325,4297,1674,7665,3997,15285,32576,31530,30150,10259,9055,7679,3447,4166,1423,7135,3721,15273,36949,35784,34492,13192,11885,10297,4878
119089,0500000US01103,"Morgan County, Alabama",15448,4709,27098,10615,43871,95485,91991,87590,28985,25752,20464,8414,8209,2752,14815,5768,22425,46536,44401,41989,12815,10890,8649,3412,7239,1957,12283,4847,21446,48949,47590,45601,16170,14862,11815,5002
151366,0500000US06031,"Kings County, California",23491,6292,40773,16290,69473,114798,110593,103531,20951,19049,15413,6662,12150,3217,20914,9752,41230,64662,62677,58614,9771,8846,7012,2773,11341,3075,19859,6538,28243,50136,47916,44917,11180,10203,8401,3889
180040,0500000US06089,"Shasta County, California",22189,6462,38584,14455,63525,145037,141456,135347,50818,45457,37027,15546,11381,3304,19980,7557,32017,70757,68699,65322,23764,20666,16941,6703,10808,3158,18604,6898,31508,74280,72757,70025,27054,24791,20086,8843
292502,0500000US12073,"Leon County, Florida",30279,8980,54454,62709,146771,244172,238048,206904,55739,48577,38914,14696,14947,4680,27578,29353,70083,114286,110830,96087,24868,21150,17206,6133,15332,4300,26876,33356,76688,129886,127218,110817,30871,27427,21708,8563
975280,0500000US12103,"Pinellas County, Florida",87884,27396,157685,63507,316374,836293,817595,792929,321328,287552,241848,111761,44684,13998,80425,31577,156967,397225,387342,375130,145587,129501,107554,47287,43200,13398,77260,31930,159407,439068,430253,417799,175741,158051,134294,64474
127915,0500000US17093,"Kendall County, Illinois",22673,4865,36412,11850,53603,93743,91503,84264,19686,17027,13493,5636,10493,2367,17787,6025,26446,45377,44614,40547,9410,8146,6145,2311,12180,2498,18625,5825,27157,48366,46889,43717,10276,8881,7348,3325
103923,0500000US26017,"Bay County, Michigan",11642,4306,21083,8265,36588,86290,82840,78324,29916,25790,20857,9036,5631,2069,10538,4212,18554,42443,40753,38653,13792,11526,9439,3669,6011,2237,10545,4053,18034,43847,42087,39671,16124,14264,11418,5367
75448,0500000US26159,"Van Buren County, Michigan",9601,3305,17288,6178,25916,60355,58160,55101,19265,17711,14089,5592,5014,1756,9092,3031,13304,29971,28713,26911,8983,8306,6455,2322,4587,1549,8196,3147,12612,30384,29447,28190,10282,9405,7634,3270
465735,0500000US32031,"Washoe County, Nevada",56665,16579,100775,41473,185057,376391,364960,346714,109326,97240,76172,27842,29230,8486,51832,21138,94852,188262,182822,173738,53133,46725,36401,13019,27435,8093,48943,20335,90205,188129,182138,172976,56193,50515,39771,14823
151132,0500000US33013,"Merrimack County, New Hampshire",16593,5285,28595,13757,55344,125929,122537,116301,39911,34180,28423,11421,7908,2513,13807,6948,28386,61576,60205,57121,17982,15951,12584,4645,8685,2772,14788,6809,26958,64353,62332,59180,21929,18229,15839,6776
155782,0500000US39045,"Fairfield County, Ohio",20491,7259,37178,13181,58590,123258,118604,113005,34397,29966,24675,9985,10668,3716,19133,7189,30356,61187,58818,55595,15414,13103,11061,4213,9823,3543,18045,5992,28234,62071,59786,57410,18983,16863,13614,5772
138159,0500000US45041,"Florence County, South Carolina",18716,5327,32696,12057,51811,109261,105463,100370,32156,28290,23398,9087,9208,2760,16185,5454,23767,49127,47371,45333,14083,12831,9887,3482,9508,2567,16511,6603,28044,60134,58092,55037,18073,15459,13511,5605
87092,0500000US48005,"Angelina County, Texas",12724,3671,22101,7786,32065,67221,64991,61120,19192,17440,13896,6072,6532,2054,11958,4260,15869,32313,31039,29055,9396,8420,6159,2356,6192,1617,10143,3526,16196,34908,33952,32065,9796,9020,7737,3716
128206,0500000US53057,"Skagit County, Washington",15544,4624,27977,8635,46204,103110,100229,96808,35896,32008,26616,10840,7921,1952,14029,4625,23120,50485,49033,46892,17008,14450,12153,4636,7623,2672,13948,4010,23084,52625,51196,49916,18888,17558,14463,6204
286419,0500000US53067,"Thurston County, Washington",34516,10352,61381,22307,113459,232674,225038,215347,68690,60442,49236,17819,17556,4830,31231,11373,56442,112288,108426,103391,30789,27358,22108,7392,16960,5522,30150,10934,57017,120386,116612,111956,37901,33084,27128,10427
180454,0500000US54039,"Kanawha County, West Virginia",19499,6245,35252,13406,63707,149196,145202,140040,50946,46861,37659,15634,10108,3245,18421,6871,31666,70830,68612,66010,22661,20538,15855,5949,9391,3000,16831,6535,32041,78366,76590,74030,28285,26323,21804,9685
542364,0500000US55025,"Dane County, Wisconsin",61893,18388,110871,71949,248661,444373,431493,403435,104990,91293,74937,29457,31542,8859,56083,35853,126556,218919,212892,198905,47932,41587,33542,12065,30351,9529,54788,36096,122105,225454,218601,204530,57058,49706,41395,17392
413757,0500000US01097,"Mobile County, Alabama",53110,16973,96777,36769,161345,328844,316980,302356,92616,80413,66558,27185,27397,8505,49296,18388,78056,153642,147713,139470,40934,34700,28348,10447,25713,8468,47481,18381,83289,175202,169267,162886,51682,45713,38210,16738
1150215,0500000US06013,"Contra Costa County, California",148186,47120,259788,93356,442714,921374,890427,852577,253902,222905,181267,74909,75796,24265,133128,47923,222008,445830,429855,410079,114568,100311,79598,30974,72390,22855,126660,45433,220706,475544,460572,442498,139334,122594,101669,43935
359977,0500000US12083,"Marion County, Florida",37093,11349,65788,26487,109201,302081,294189,282145,129048,120229,104024,48290,19104,5196,32524,14532,54108,142104,138829,132776,59627,55611,47785,22346,17989,6153,33264,11955,55093,159977,155360,149369,69421,64618,56239,25944
207269,0500000US12091,"Okaloosa County, Florida",26341,6207,46397,18666,81984,165566,160872,153043,46296,40735,34105,13384,12941,3104,23239,11466,44465,83662,81075,76121,20969,18786,15613,5803,13400,3103,23158,7200,37519,81904,79797,76922,25327,21949,18492,7581
467832,0500000US12117,"Seminole County, Florida",55643,18049,98391,38639,190075,381304,369441,354027,103082,88933,72734,29912,28046,8888,49907,19981,94053,182371,176048,168735,46361,39297,31386,12026,27597,9161,48484,18658,96022,198933,193393,185292,56721,49636,41348,17886
154291,0500000US13073,"Columbia County, Georgia",23028,6481,39146,13976,60999,119501,115145,107713,30197,25754,21329,7195,11404,3398,19419,7775,31015,58339,55686,50578,13619,11777,9807,2971,11624,3083,19727,6201,29984,61162,59459,57135,16578,13977,11522,4224
91243,0500000US13095,"Dougherty County, Georgia",12094,3310,21221,13454,38823,72097,70022,63867,19136,16467,13899,5618,6049,1637,11059,5943,17621,32090,30978,27708,8416,7119,5700,2067,6045,1673,10162,7511,21202,40007,39044,36159,10720,9348,8199,3551
230220,0500000US13151,"Henry County, Georgia",34146,11607,58951,21944,94303,179510,171269,163347,39004,33098,26256,9457,17450,5531,30024,10768,43682,83764,79264,74594,16766,14579,11510,4022,16696,6076,28927,11176,50621,95746,92005,88753,22238,18519,14746,5435
155469,0500000US13153,"Houston County, Georgia",22846,6387,38789,12665,63024,121401,116680,110859,27113,22893,18359,7104,11611,3799,20299,6609,32257,60012,57241,54623,10745,9233,7476,2598,11235,2588,18490,6056,30767,61389,59439,56236,16368,13660,10883,4506
76806,0500000US17183,"Vermilion County, Illinois",9831,2941,18046,6417,26732,60826,58760,55964,19695,17802,15156,6876,4946,1406,9063,3275,13893,30384,29252,27681,9344,8274,6929,3088,4885,1535,8983,3142,12839,30442,29508,28283,10351,9528,8227,3788
692310,0500000US17197,"Will County, Illinois",97979,33313,171783,63554,272595,541119,520527,492077,132395,112536,90429,35415,50098,17179,87793,33241,138375,267336,256192,240835,62288,50972,40372,14381,47881,16134,83990,30313,134220,273783,264335,251242,70107,61564,50057,21034
270771,0500000US18141,"St. Joseph County, Indiana",35744,10802,64262,29035,107476,213187,206509,191486,61059,53125,43160,18353,18216,5605,32612,14118,53458,102926,99192,92204,27291,23508,18968,7059,17528,5197,31650,14917,54018,110261,107317,99282,33768,29617,24192,11294
173283,0500000US19163,"Scott County, Iowa",23294,6479,41322,14544,65736,136226,131961,125021,39142,34322,27591,11635,11522,3447,21114,7068,32965,66500,63979,60360,17789,15223,12044,4480,11772,3032,20208,7476,32771,69726,67982,64661,21353,19099,15547,7155
151096,0500000US23019,"Penobscot County, Maine",14996,4981,26744,16283,58557,127364,124352,117123,39016,33882,27761,11556,7742,2523,13763,8764,29912,62850,61337,57433,18765,15794,12598,4817,7254,2458,12981,7519,28645,64514,63015,59690,20251,18088,15163,6739
83209,0500000US26111,"Midland County, Michigan",10237,3156,18229,6611,29662,67552,64980,62351,21712,19060,15539,6869,4995,1606,9104,3544,14959,32779,31533,30002,9602,8265,6698,2787,5242,1550,9125,3067,14703,34773,33447,32349,12110,10795,8841,4082
150439,0500000US26115,"Monroe County, Michigan",18240,6116,32182,11895,53246,122210,118257,113112,37931,33635,27543,11472,9451,3117,16444,6102,27683,59999,57979,55321,17071,15075,12295,4517,8789,2999,15738,5793,25563,62211,60278,57791,20860,18560,15248,6955
159256,0500000US27145,"Stearns County, Minnesota",20640,5868,36702,23823,66979,126432,122554,110478,33166,29454,23995,10646,10491,3003,18753,12039,34800,63388,61386,55208,15870,13865,11034,4573,10149,2865,17949,11784,32179,63044,61168,55270,17296,15589,12961,6073
76456,0500000US35061,"Valencia County, New Mexico",10388,2918,17895,6243,28956,60710,58561,55686,19703,17077,13675,5431,5912,1747,9994,3221,15057,30575,29140,27389,8999,7495,6416,2402,4476,1171,7901,3022,13899,30135,29421,28297,10704,9582,7259,3029
95796,0500000US36101,"Steuben County, New York",11721,3604,20389,7276,33168,78099,75407,72378,25936,22620,18663,7853,5984,1924,10604,3870,17539,39348,37819,36271,12422,10906,8679,3327,5737,1680,9785,3406,15629,38751,37588,36107,13514,11714,9984,4526
178435,0500000US37097,"Iredell County, North Carolina",23701,7421,41060,13897,65928,142536,137375,130805,38571,34649,27867,11126,11907,3358,20452,7256,33016,69224,66932,63397,17667,15767,12474,4559,11794,4063,20608,6641,32912,73312,70443,67408,20904,18882,15393,6567
181516,0500000US38017,"Cass County, North Dakota",22665,5035,40853,25258,86586,143997,140663,130891,32467,27616,21599,9272,12520,2568,21744,13032,45350,73330,71411,65519,14596,12550,9833,3753,10145,2467,19109,12226,41236,70667,69252,65372,17871,15066,11766,5519
67744,0500000US38101,"Ward County, North Dakota",9000,2197,15949,8633,31995,53531,51795,49093,11673,10422,8462,3900,4718,1221,8526,5229,18035,28474,27497,25859,5556,4897,3948,1595,4282,976,7423,3404,13960,25057,24298,23234,6117,5525,4514,2305
811880,0500000US41051,"Multnomah County, Oregon",84219,24024,152900,63702,374376,674392,658980,633973,151776,134840,108862,40441,42914,12721,78846,31943,187983,332091,323816,312230,69823,60866,47994,15923,41305,11303,74054,31759,186393,342301,335164,321743,81953,73974,60868,24518
131730,0500000US42021,"Cambria County, Pennsylvania",14089,4675,25226,11907,44156,109575,106504,101148,40498,35865,29664,13425,7257,2248,12802,5991,22336,53778,52263,49754,18453,15975,12964,5142,6832,2427,12424,5916,21820,55797,54241,51394,22045,19890,16700,8283
132064,0500000US48485,"Wichita County, Texas",16557,4644,29552,18294,58455,105734,102512,93334,26659,23973,19162,8351,8398,1726,14277,10959,32141,54485,53096,47563,12257,10514,8212,3267,8159,2918,15275,7335,26314,51249,49416,45771,14402,13459,10950,5084
75457,0500000US51015,"Augusta County, Virginia",8499,2414,14362,5153,25435,62717,61095,58721,22335,19348,16099,6857,4324,1247,7249,2813,13999,32088,31192,30411,10932,9423,7313,2935,4175,1167,7113,2340,11436,30629,29903,28310,11403,9925,8786,3922
242634,0500000US51550,"Chesapeake city, Virginia",33274,9853,58199,20997,98805,189761,184435,174674,46358,39643,32045,12409,16760,4934,29036,10704,49400,91931,89348,84574,20700,17124,13891,5046,16514,4919,29163,10293,49405,97830,95087,90100,25658,22519,18154,7363
99920,0500000US51770,"Roanoke city, Virginia",11715,3203,22229,7522,39973,79177,77691,74815,23748,20920,16905,6453,6006,1561,11792,3638,18811,36289,35687,34422,9252,8199,6596,2363,5709,1642,10437,3884,21162,42888,42004,40393,14496,12721,10309,4090
93224,0500000US54011,"Cabell County, West Virginia",10436,3090,18444,12421,38284,76498,74780,69636,22698,20062,16984,7167,5406,1663,9385,5675,18880,36557,35533,33456,10094,8781,7385,2876,5030,1427,9059,6746,19404,39941,39247,36180,12604,11281,9599,4291
73055,0500000US55141,"Wood County, Wisconsin",8580,2853,15666,5189,24604,59152,57389,54783,20220,18315,14940,6765,4367,1302,7802,2698,12677,29448,28540,27286,9261,8495,6828,2828,4213,1551,7864,2491,11927,29704,28849,27497,10959,9820,8112,3937
83787,0500000US72061,"Guaynabo Municipio, Puerto Rico",7631,2758,13345,7240,30835,72581,70442,68055,25313,22276,18832,8992,3902,1895,7558,3854,16180,34036,32616,31392,10806,9126,7795,3482,3729,863,5787,3386,14655,38545,37826,36663,14507,13150,11037,5510
96174,0500000US01083,"Limestone County, Alabama",13965,4136,22441,6767,37137,76535,73733,69443,20633,17622,15095,6029,7424,1998,12403,3067,19086,38254,36795,34773,9234,7934,6814,2739,6541,2138,10038,3700,18051,38281,36938,34670,11399,9688,8281,3290
99154,0500000US05051,"Garland County, Arkansas",10719,3618,19787,7875,33630,81395,79367,75100,31751,28063,22991,10304,5695,1587,9513,3969,16383,38811,37585,35362,14567,12599,10248,4475,5024,2031,10274,3906,17247,42584,41782,39738,17184,15464,12743,5829
350518,0500000US08069,"Larimer County, Colorado",38500,12193,68998,48844,156559,288748,281520,260362,77279,67584,55002,20747,19309,6538,34824,24396,80564,143248,139260,128428,36110,31311,25162,8802,19191,5655,34174,24448,75995,145500,142260,131934,41169,36273,29840,11945
112067,0500000US12035,"Flagler County, Florida",11087,3701,19130,6544,31409,94950,92937,89863,43227,40309,35344,16229,6150,1576,9349,3497,15426,44769,44174,42536,20553,19419,17111,7976,4937,2125,9781,3047,15983,50181,48763,47327,22674,20890,18233,8253
284081,0500000US17201,"Winnebago County, Illinois",36954,11318,66289,23444,104204,225316,217792,207719,70425,60932,49568,21098,19100,5712,33973,11778,51815,108364,104936,100067,32785,27976,21922,8621,17854,5606,32316,11666,52389,116952,112856,107652,37640,32956,27646,12477
253956,0500000US24025,"Harford County, Maryland",31749,10134,56172,22004,93568,204316,197784,189244,60001,52075,42005,17091,16153,5520,29010,11232,47309,98936,95159,90156,26772,23082,18058,6545,15596,4614,27162,10772,46259,105380,102625,99088,33229,28993,23947,10546
111876,0500000US30031,"Gallatin County, Montana",13119,3815,22863,17217,54169,91778,89013,81781,21230,18026,14428,5184,7018,1900,11820,9599,28962,47357,45992,41710,10263,8512,6909,2423,6101,1915,11043,7618,25207,44421,43021,40071,10967,9514,7519,2761
90690,0500000US37157,"Rockingham County, North Carolina",11693,3382,18386,6920,30873,74874,72304,68768,26012,23498,18633,7882,6607,1768,9986,3221,14872,35313,33971,32409,11607,10363,8171,3207,5086,1614,8400,3699,16001,39561,38333,36359,14405,13135,10462,4675
198627,0500000US39155,"Trumbull County, Ohio",22253,7367,40677,14698,66847,162586,157950,151835,57963,51637,43149,18429,11301,3686,20828,7553,34271,77801,75771,72720,25991,22808,18822,7383,10952,3681,19849,7145,32576,84785,82179,79115,31972,28829,24327,11046
187888,0500000US42019,"Butler County, Pennsylvania",21412,6626,37515,16241,66240,155022,150373,142741,51254,44600,34949,15180,11043,3447,19368,8127,33847,76252,73670,70092,24348,20717,15744,6184,10369,3179,18147,8114,32393,78770,76703,72649,26906,23883,19205,8996
272061,0500000US42049,"Erie County, Pennsylvania",32743,10453,58107,26604,103475,221307,213954,201008,67077,60370,48926,20911,16610,5660,29078,14164,52967,108519,104586,97749,30496,27696,21997,8561,16133,4793,29029,12440,50508,112788,109368,103259,36581,32674,26929,12350
317646,0500000US42079,"Luzerne County, Pennsylvania",35169,11349,62768,27460,115318,262246,254878,241387,86259,76476,63359,28062,17879,5771,31610,14338,60058,128839,125135,118123,39059,34117,27276,10667,17290,5578,31158,13122,55260,133407,129743,123264,47200,42359,36083,17395
65592,0500000US45055,"Kershaw County, South Carolina",8400,2851,15115,5584,22316,52638,50477,48269,16382,14850,11928,4512,4820,1224,8735,3116,10893,24901,24071,22712,7813,6747,5207,1841,3580,1627,6380,2468,11423,27737,26406,25557,8569,8103,6721,2671
406850,0500000US51107,"Loudoun County, Virginia",66684,19362,114958,29967,167278,305449,291892,280135,56737,47598,37721,14792,34102,9878,58570,15323,82449,150319,143081,136995,25168,20972,16700,6211,32582,9484,56388,14644,84829,155130,148811,143140,31569,26626,21021,8581
71094,0500000US72135,"Toa Alta Municipio, Puerto Rico",8422,2955,14081,7378,29675,59103,57013,54590,13874,12265,10310,4215,4243,1522,7505,3683,14464,N,26916,25841,5954,5175,4653,1796,4179,1433,6576,3695,15211,N,30097,28749,7920,7090,5657,2419
659300,0500000US01073,"Jefferson County, Alabama",83320,24478,149547,57830,262184,527740,509753,483902,150188,131563,104700,42724,42728,12699,76381,28324,127550,244704,235778,222541,63722,55487,43526,15728,40592,11779,73166,29506,134634,283036,273975,261361,86466,76076,61174,26996
4410824,0500000US04013,"Maricopa County, Arizona",594265,179036,1052785,408381,1805262,3478309,3358039,3183456,918193,815127,669199,281070,302946,91655,537712,209682,916440,1703953,1644262,1555401,419848,370193,301634,122620,291319,87381,515073,198699,888822,1774356,1713777,1628055,498345,444934,367565,158450
68114,0500000US05069,"Jefferson County, Arkansas",8239,2540,14884,7044,26393,55309,53230,49564,16976,14620,11671,4689,4031,1077,7209,3515,13604,27208,26231,24649,7723,6377,5071,1819,4208,1463,7675,3529,12789,28101,26999,24915,9253,8243,6600,2870
78727,0500000US05145,"White County, Arkansas",9665,3957,18295,9992,32196,63038,60432,54640,16644,14390,12307,5252,5117,2309,9817,5360,16047,29603,28293,24839,7140,6245,5393,2122,4548,1648,8478,4632,16149,33435,32139,29801,9504,8145,6914,3130
284010,0500000US06079,"San Luis Obispo County, California",27705,8757,49675,44256,116493,240351,234335,214776,77677,70096,57594,22171,14284,4330,25467,23516,62135,121474,118287,108676,36813,33364,26764,9777,13421,4427,24208,20740,54358,118877,116048,106100,40864,36732,30830,12394
69267,0500000US08014,"Broomfield County, Colorado",8780,3326,15867,4128,29016,55648,53400,52097,12749,11698,9618,3894,4381,1652,8028,2232,15011,N,26682,26017,5690,5057,4156,1673,4399,1674,7839,1896,14005,N,26718,26080,7059,6641,5462,2221
857620,0500000US09009,"New Haven County, Connecticut",97405,31920,173312,85361,332874,705905,684308,643144,209557,183084,148789,65639,49646,16361,88522,42669,165143,335502,324421,303939,91426,79529,63580,25565,47759,15559,84790,42692,167731,370403,359887,339205,118131,103555,85209,40074
157413,0500000US12061,"Indian River County, Florida",13856,3467,25217,8532,40749,133911,132196,128217,67498,61325,51384,24124,8202,1984,14327,4124,19464,63069,62214,60821,30121,27993,23656,11285,5654,1483,10890,4408,21285,70842,69982,67396,37377,33332,27728,12839
153095,0500000US13021,"Bibb County, Georgia",21424,6260,37623,15534,60637,120473,115472,108406,34017,30739,23974,9704,11391,3712,20014,7361,29678,55647,52983,49731,14589,12834,9966,3540,10033,2548,17609,8173,30959,64826,62489,58675,19428,17905,14008,6164
756558,0500000US13089,"DeKalb County, Georgia",96112,26718,175679,63455,325467,598255,580879,558221,137985,120100,93989,33760,49006,13107,88535,30474,155914,276767,268408,257342,57075,49336,38531,12725,47106,13611,87144,32981,169553,321488,312471,300879,80910,70764,55458,21035
85219,0500000US13127,"Glynn County, Georgia",10783,3236,18678,7183,31901,68320,66541,63692,22790,20212,16955,6478,4784,1824,8522,3257,15327,30761,30256,29122,10144,9334,7505,2797,5999,1412,10156,3926,16574,37559,36285,34570,12646,10878,9450,3681
469966,0500000US16001,"Ada County, Idaho",64070,20775,111023,41090,195351,371124,358943,340162,93661,84053,67476,25819,31928,11480,57949,20954,99893,183704,177947,169095,44237,39217,30758,10996,32142,9295,53074,20136,95458,187420,180996,171067,49424,44836,36718,14823
308570,0500000US17111,"McHenry County, Illinois",41634,14114,72282,25109,113318,245554,236288,226235,65093,55641,44617,16900,21556,7342,37560,13208,57540,121263,116397,111193,30172,25670,20178,7182,20078,6772,34722,11901,55778,124291,119891,115042,34921,29971,24439,9718
132328,0500000US17179,"Tazewell County, Illinois",16684,5057,29733,9649,47648,105975,102595,98857,34926,30844,25258,11158,8191,2604,15147,4938,24398,51699,49859,48032,15848,13745,11184,4643,8493,2453,14586,4711,23250,54276,52736,50825,19078,17099,14074,6515
65936,0500000US18053,"Grant County, Indiana",7585,2172,13607,8141,24285,54145,52329,48612,17037,15406,12533,5875,3687,1068,6591,3704,11631,25414,24623,22845,7533,6774,5505,2311,3898,1104,7016,4437,12654,28731,27706,25767,9504,8632,7028,3564
156225,0500000US18081,"Johnson County, Indiana",23464,6294,39191,13880,60978,120858,117034,111878,31561,27270,22720,9275,12175,3036,20017,7190,30248,58154,56104,53776,13613,11959,9936,3740,11289,3258,19174,6690,30730,62704,60930,58102,17948,15311,12784,5535
151260,0500000US19103,"Johnson County, Iowa",17195,4373,30182,32740,78391,123730,121078,108399,25643,22936,17571,7026,9619,2318,16449,15925,39957,60623,59229,53225,11202,10216,7578,2713,7576,2055,13733,16815,38434,63107,61849,55174,14441,12720,9993,4313
874759,0500000US26099,"Macomb County, Michigan",101893,34470,184009,71378,328364,713650,690750,663053,210417,183844,149007,63952,52141,17552,93978,36531,164539,343354,331745,317300,95004,81764,64738,25111,49752,16918,90031,34847,163825,370296,359005,345753,115413,102080,84269,38841
66523,0500000US27131,"Rice County, Minnesota",8568,2844,14884,9731,27711,53662,51639,45736,14345,13072,10297,4427,4609,1667,7971,4871,14649,27563,26225,23338,6494,5785,4609,1823,3959,1177,6913,4860,13062,26099,25414,22398,7851,7287,5688,2604
76796,0500000US29051,"Cole County, Missouri",9516,3009,17241,6449,29261,61444,59555,56664,17637,15251,12974,5057,4401,1800,8564,3355,16095,N,30006,28741,8022,6824,5583,1943,5115,1209,8677,3094,13166,N,29549,27923,9615,8427,7391,3114
103670,0500000US29071,"Franklin County, Missouri",12907,4437,23753,7786,36977,83035,79917,76587,25266,22442,17948,7630,6881,2326,12357,4111,19137,41758,39890,38041,11378,10442,8166,3269,6026,2111,11396,3675,17840,41277,40027,38546,13888,12000,9782,4361
130090,0500000US33017,"Strafford County, New Hampshire",12964,4792,24199,20838,56926,108422,105891,92917,27721,23621,19182,7849,6666,2354,12064,9647,28057,52357,51010,45651,12946,10861,8484,3172,6298,2438,12135,11191,28869,56065,54881,47266,14775,12760,10698,4677
461809,0500000US36067,"Onondaga County, New York",54157,17353,98023,48751,178876,375891,363786,340293,111857,98103,78867,34302,27759,8445,49715,23566,87403,179250,173021,161298,50184,43807,34336,13505,26398,8908,48308,25185,91473,196641,190765,178995,61673,54296,44531,20797
109864,0500000US36069,"Ontario County, New York",12449,4313,22309,9585,38088,89843,87555,83364,30168,26280,21645,8967,6505,2354,11594,4940,19463,43211,42135,39928,13801,11849,9557,3625,5944,1959,10715,4645,18625,46632,45420,43436,16367,14431,12088,5342
67560,0500000US37069,"Franklin County, North Carolina",8390,2465,14621,4923,24229,54313,52939,50720,16089,14266,11633,3917,4162,629,6659,2688,12193,N,25765,24196,7306,6524,5084,1606,4228,1836,7962,2235,12036,N,27174,26524,8783,7742,6549,2311
66826,0500000US37161,"Rutherford County, North Carolina",7074,3220,13782,5291,22829,55558,53044,50396,20307,17310,14058,5867,3361,1829,7024,2669,11529,26340,24959,23647,9572,8094,6497,2520,3713,1391,6758,2622,11300,29218,28085,26749,10735,9216,7561,3347
115967,0500000US39169,"Wayne County, Ohio",15978,4805,28092,11163,42056,91122,87875,82355,28609,25288,20264,8863,8146,2527,14359,5445,21258,44825,43085,40074,13690,11847,9188,3699,7832,2278,13733,5718,20798,46297,44790,42281,14919,13441,11076,5164
110283,0500000US41019,"Douglas County, Oregon",12098,3857,21351,7196,34674,92283,88932,85941,36923,33418,27924,11689,6220,1972,10747,3572,17351,45441,43586,42087,17437,16156,13248,5401,5878,1885,10604,3624,17323,46842,45346,43854,19486,17262,14676,6288
154835,0500000US42055,"Franklin County, Pennsylvania",19753,5615,34503,11426,55427,124906,120332,114827,40372,35729,29943,13430,10015,3004,17835,5373,27219,60307,57900,55548,18567,16575,13409,5568,9738,2611,16668,6053,28208,64599,62432,59279,21805,19154,16534,7862
448273,0500000US42133,"York County, Pennsylvania",55984,17476,98940,37389,163390,361664,349333,333978,110523,98574,78138,32787,28479,9156,51104,19322,83131,177096,170878,162928,50956,45147,35141,13750,27505,8320,47836,18067,80259,184568,178455,171050,59567,53427,42997,19037
636084,0500000US44007,"Providence County, Rhode Island",71015,22625,129957,68315,267257,522947,506127,475664,139266,119773,97383,43363,36346,11443,66360,33693,134511,252131,243246,229211,61193,51679,41545,16168,34669,11182,63597,34622,132746,270816,262881,246453,78073,68094,55838,27195
188715,0500000US45013,"Beaufort County, South Carolina",19817,5830,35251,18128,64098,157704,153464,145994,63679,59904,51535,21214,10069,2581,16894,11223,33740,75760,74203,68957,29674,28076,23959,10263,9748,3249,18357,6905,30358,81944,79261,77037,34005,31828,27576,10951
205950,0500000US47125,"Montgomery County, Tennessee",29904,8149,54940,23229,97321,156335,151010,142588,28140,24042,18581,8108,15072,4623,28296,12537,49935,77595,74498,70754,12721,11193,8766,3706,14832,3526,26644,10692,47386,78740,76512,71834,15419,12849,9815,4402
187149,0500000US47165,"Sumner County, Tennessee",25254,7210,43916,13901,68761,147772,143233,137058,41123,36509,29379,11800,14046,3820,23631,7357,33948,71494,68916,66188,18423,16401,12891,4608,11208,3390,20285,6544,34813,76278,74317,70870,22700,20108,16488,7192
171361,0500000US48251,"Johnson County, Texas",25098,7525,44421,14344,65905,132376,126940,120989,32466,28998,23673,9406,12722,3809,22560,7753,33307,65667,62996,59784,14970,13033,10862,3968,12376,3716,21861,6591,32598,66709,63944,61205,17496,15965,12811,5438
254607,0500000US48309,"McLennan County, Texas",34605,10759,63033,36484,111282,199014,191574,176495,50911,45747,36582,15267,17700,5541,32400,18407,55235,95448,91831,84117,22916,19981,16008,5897,16905,5218,30633,18077,56047,103566,99743,92378,27995,25766,20574,9370
100657,0500000US48397,"Rockwall County, Texas",16501,4759,27170,6705,40792,76544,73487,69834,17129,15499,12282,4658,8843,2348,13847,2908,19517,36774,35075,33560,7789,7377,5648,1908,7658,2411,13323,3797,21275,39770,38412,36274,9340,8122,6634,2750
66893,0500000US48409,"San Patricio County, Texas",9933,3099,17745,6853,26430,51109,49148,46550,13785,12239,10035,3984,5237,1739,9380,4039,13953,25863,24643,23147,6774,5677,4617,1682,4696,1360,8365,2814,12477,25246,24505,23403,7011,6562,5418,2302
622213,0500000US49049,"Utah County, Utah",116535,32665,207710,104937,306129,436007,414503,377622,68027,60904,48066,19287,60092,16962,106817,53216,156096,218937,207627,190416,31823,28519,22241,8522,56443,15703,100893,51721,150033,217070,206876,187206,36204,32385,25825,10765
149960,0500000US51179,"Stafford County, Virginia",22255,7087,39247,14673,63032,115104,110713,104881,22866,19555,15406,5017,11246,3331,19502,7806,32449,57813,55577,52558,10938,9287,7180,2255,11009,3756,19745,6867,30583,57291,55136,52323,11928,10268,8226,2762
160530,0500000US51510,"Alexandria city, Virginia",14583,3788,29435,10310,78723,133272,131095,126712,27776,23911,19595,8051,7596,1846,15035,5077,37377,63035,62052,59342,12539,11239,8595,2709,6987,1942,14400,5233,41346,70237,69043,67370,15237,12672,11000,5342
251446,0500000US53077,"Yakima County, Washington",42329,11739,74450,24337,99407,184095,176996,167576,47905,42578,34329,13921,21421,5983,37897,12564,49933,91577,87337,82387,22348,19699,15640,6213,20908,5756,36553,11773,49474,92518,89659,85189,25557,22879,18689,7708
124434,0500000US72025,"Caguas Municipio, Puerto Rico",13516,4805,22953,11573,47795,105333,101481,96344,33464,29838,25519,11939,6854,2446,11626,5822,23056,47964,46135,43530,14047,12622,10450,4575,6662,2359,11327,5751,24739,57369,55346,52814,19417,17216,15069,7364
366519,0500000US01089,"Madison County, Alabama",44455,14094,80048,33799,145299,296893,286471,271065,76390,66663,55665,23347,22642,7272,40875,17396,72973,143414,138089,130340,34238,29070,24156,9458,21813,6822,39173,16403,72326,153479,148382,140725,42152,37593,31509,13889
274255,0500000US06087,"Santa Cruz County, California",29254,9696,52617,40865,116088,227759,221638,200259,63875,56790,45349,15896,15108,4861,26881,19487,57596,110329,107985,98455,29885,27283,21079,6348,14146,4835,25736,21378,58492,117430,113653,101804,33990,29507,24270,9548
160912,0500000US12085,"Martin County, Florida",14756,5213,26502,9779,44970,137168,134410,128941,62829,57779,50419,26005,7571,2754,13406,5024,23783,67299,65701,62608,28852,26554,23485,11868,7185,2459,13096,4755,21187,69869,68709,66333,33977,31225,26934,14137
980080,0500000US15003,"Honolulu County, Hawaii",115023,31371,207907,90785,396403,792616,772173,737838,233253,207429,173612,79202,59059,16166,106908,50726,209506,396742,386005,366608,105429,92938,76805,32164,55964,15205,100999,40059,186897,395874,386168,371230,127824,114491,96807,47038
161505,0500000US16055,"Kootenai County, Idaho",20899,5920,36630,12283,58980,128401,124875,118321,40751,37917,30553,12410,10192,3046,18001,6384,29796,62880,61090,57763,19630,17846,14182,5616,10707,2874,18629,5899,29184,65521,63785,60558,21121,20071,16371,6794
172828,0500000US17113,"McLean County, Illinois",20386,6594,37134,30314,80589,140259,135694,118884,32371,29430,22728,9485,10375,3497,19296,14096,39719,67289,64993,58835,14305,12965,10023,3682,10011,3097,17838,16218,40870,72970,70701,60049,18066,16465,12705,5803
143477,0500000US17161,"Rock Island County, Illinois",18054,5396,31980,12946,52747,115382,111497,104938,36152,32798,26909,12070,9217,2458,15888,6808,26456,55053,53385,50233,15981,14301,11723,4974,8837,2938,16092,6138,26291,60329,58112,54705,20171,18497,15186,7096
193048,0500000US18157,"Tippecanoe County, Indiana",20969,7400,40134,46403,100521,158193,152914,130649,31377,27375,22392,9160,10935,4249,21158,26224,53761,81003,77829,65533,14089,12638,9877,3834,10034,3151,18976,20179,46760,77190,75085,65116,17288,14737,12515,5326
65936,0500000US18177,"Wayne County, Indiana",7926,2274,14475,6164,24204,52822,51461,48972,17048,15298,12445,5595,3758,1263,7452,2724,11651,24877,24000,23136,7557,6792,5243,2092,4168,1011,7023,3440,12553,27945,27461,25836,9491,8506,7202,3503
102539,0500000US19193,"Woodbury County, Iowa",15714,3928,26651,8838,39632,77995,75888,71220,22617,19750,15799,6743,7769,2278,13900,4734,20569,38480,37234,34441,9624,8349,6624,2454,7945,1650,12751,4104,19063,39515,38654,36779,12993,11401,9175,4289
65346,0500000US21145,"McCracken County, Kentucky",7790,2680,14253,4776,22637,52815,51093,48569,18167,16568,13390,6385,4061,1312,7062,2249,11382,24558,23754,22611,7224,6445,5282,2307,3729,1368,7191,2527,11255,28257,27339,25958,10943,10123,8108,4078
154475,0500000US22073,"Ouachita Parish, Louisiana",22115,6653,39163,14573,62301,119885,115312,108802,33445,28191,22852,9432,11350,3408,20188,7307,30618,56699,54368,50959,14956,12470,9608,3580,10765,3245,18975,7266,31683,63186,60944,57843,18489,15721,13244,5852
107679,0500000US23001,"Androscoggin County, Maine",12649,3468,22257,9547,39130,87765,85422,81311,26687,23377,19292,7919,6799,1746,11681,4790,19645,42803,41408,39104,11652,10106,8532,3197,5850,1722,10576,4757,19485,44962,44014,42207,15035,13271,10760,4722
425423,0500000US27037,"Dakota County, Minnesota",58354,17841,103633,33743,166005,333545,321790,307362,84706,72585,59233,23855,29741,9026,53012,17621,83537,161871,155768,147544,37830,31826,25758,9706,28613,8815,50621,16122,82468,171674,166022,159818,46876,40759,33475,14149
550210,0500000US27123,"Ramsey County, Minnesota",70386,19736,128233,53936,234262,434529,421977,400062,112223,97993,79420,33289,35984,10268,65779,26525,116772,209202,202957,191749,48948,41673,34081,13012,34402,9468,62454,27411,117490,225327,219020,208313,63275,56320,45339,20277
84254,0500000US36015,"Chemung County, New York",10071,2801,17598,7028,29101,68809,66656,63949,22180,19779,16613,7094,5658,1433,9210,3122,14689,32634,31537,30581,9342,8534,7007,2963,4413,1368,8388,3906,14412,36175,35119,33368,12838,11245,9606,4131
91083,0500000US42097,"Northumberland County, Pennsylvania",10016,3222,17800,6233,31333,75526,73283,70866,26535,23312,19647,8729,5066,1689,8936,3379,17149,38140,37168,35975,12065,10412,8741,3406,4950,1533,8864,2854,14184,37386,36115,34891,14470,12900,10906,5323
111729,0500000US46103,"Pennington County, South Dakota",13397,4827,25304,9046,41692,89612,86425,82154,29425,26537,20474,7978,7268,2297,13522,4970,21552,44277,42889,40764,13577,12303,9749,3468,6129,2530,11782,4076,20140,45335,43536,41390,15848,14234,10725,4510
94324,0500000US48037,"Bowie County, Texas",12941,3693,22688,7401,37714,73446,71636,68971,21570,18667,15312,6411,6481,1935,11255,3954,20389,36956,35968,34396,9872,8774,6669,2466,6460,1758,11433,3447,17325,36490,35668,34575,11698,9893,8643,3945
840758,0500000US48141,"El Paso County, Texas",126109,38790,228101,94776,364439,639198,612657,572502,146106,129028,103054,44580,63911,19812,116242,50571,188547,311859,298677,277494,63056,54579,43863,17308,62198,18978,111859,44205,175892,327339,313980,295008,83050,74449,59191,27272
171700,0500000US49053,"Washington County, Utah",26084,7867,44725,14544,63514,132037,126975,120638,46419,42654,37295,16443,13313,4179,23505,7623,32061,63868,61340,58162,22049,20311,17670,7906,12771,3688,21220,6921,31453,68169,65635,62476,24370,22343,19625,8537
108718,0500000US51003,"Albemarle County, Virginia",11704,3472,21527,13317,43937,89333,87191,79473,28230,24655,20964,9326,5821,1735,10879,6046,21380,42044,40832,36511,12515,10801,9060,4029,5883,1737,10648,7271,22557,47289,46359,42962,15715,13854,11904,5297
82126,0500000US51680,"Lynchburg city, Virginia",8784,1694,16004,20968,40412,67335,66122,56651,16795,14941,11906,5995,4135,702,7535,9500,18993,31187,30588,26986,6895,6160,4645,2110,4649,992,8469,11468,21419,36148,35534,29665,9900,8781,7261,3885
514631,0500000US53063,"Spokane County, Washington",63627,18860,114053,48071,208908,413452,400578,379195,113934,101789,83502,32954,32552,9456,57465,24343,106467,202474,196185,185274,52003,46258,37600,13941,31075,9404,56588,23728,102441,210978,204393,193921,61931,55531,45902,19013
70942,0500000US55097,"Portage County, Wisconsin",7995,2445,13929,11057,29841,58599,57013,52077,16085,14460,11666,4840,4177,1255,7256,5698,15213,29194,28372,25683,7581,6706,5434,2055,3818,1190,6673,5359,14628,29405,28641,26394,8504,7754,6232,2785
83442,0500000US01043,"Cullman County, Alabama",10024,3539,18892,6231,30175,66680,64550,61088,21664,18429,15541,6425,5138,1719,9304,3065,15000,32418,31490,29731,10125,8353,7048,2656,4886,1820,9588,3166,15175,34262,33060,31357,11539,10076,8493,3769
10105518,0500000US06037,"Los Angeles County, California",1215953,370433,2188893,959449,4351042,8162030,7916625,7514251,1949791,1702353,1375959,590748,622507,188997,1120903,483514,2202497,3987470,3861626,3658653,873538,755290,596423,237939,593446,181436,1067990,475935,2148545,4174560,4054999,3855598,1076253,947063,779536,352809
393149,0500000US06061,"Placer County, California",50434,16440,87122,29817,139547,317755,306027,294373,103122,92532,76749,33433,26303,8842,45539,16194,71225,154314,147757,141171,46395,41796,34453,14273,24131,7598,41583,13623,68322,163441,158270,153202,56727,50736,42296,19160
150921,0500000US09013,"Tolland County, Connecticut",14791,5141,26203,25795,65956,128217,124718,109723,34279,30641,24281,10201,7298,2564,13070,12801,33485,64066,62053,54304,16533,14669,11473,4550,7493,2577,13133,12994,32471,64151,62665,55419,17746,15972,12808,5651
229286,0500000US10005,"Sussex County, Delaware",23980,7046,42252,14517,66560,192504,187034,182513,84619,77006,63851,24355,12116,3735,21277,7943,33650,92674,89726,87935,39415,35945,29959,11116,11864,3311,20975,6574,32910,99830,97308,94578,45204,41061,33892,13239
77296,0500000US13031,"Bulloch County, Georgia",8884,1794,14940,20505,39465,63454,62356,49560,12960,11447,8545,3371,4464,915,7620,10462,20305,31182,30612,24731,6232,5439,3748,1480,4420,879,7320,10043,19160,32272,31744,24829,6728,6008,4797,1891
97927,0500000US13115,"Floyd County, Georgia",12215,4054,22625,9773,38656,78167,75302,71101,22880,20975,16533,7375,6469,2128,10992,4086,18520,36598,35063,33103,10086,8874,6700,2717,5746,1926,11633,5687,20136,41569,40239,37998,12794,12101,9833,4658
109541,0500000US13217,"Newton County, Georgia",16323,5115,28413,12874,43957,83731,81128,74058,20765,17807,14379,5403,8865,2502,15157,6996,20821,38770,37137,32604,9030,7643,6012,2134,7458,2613,13256,5878,23136,44961,43991,41454,11735,10164,8367,3269
5180493,0500000US17031,"Cook County, Illinois",625157,187664,1129672,455985,2192347,4176128,4050821,3870539,1071308,940839,757941,325413,318201,95012,575213,226639,1093475,2004770,1941253,1851437,467015,405865,319939,124397,306956,92652,554459,229346,1098872,2171358,2109568,2019102,604293,534974,438002,201016
71671,0500000US21047,"Christian County, Kentucky",10062,1909,19005,12306,33103,53933,52666,48760,12553,10875,8870,3940,4630,1034,8970,8149,19289,28689,28030,25401,5597,4934,3801,1420,5432,875,10035,4157,13814,25244,24636,23359,6956,5941,5069,2520
70963,0500000US25011,"Franklin County, Massachusetts",7371,2355,12746,4545,23633,59819,58217,56775,22771,20054,15424,5756,3576,1332,6371,2515,12068,28964,28030,27316,10402,9177,7075,2473,3795,1023,6375,2030,11565,30855,30187,29459,12369,10877,8349,3283
470406,0500000US25013,"Hampden County, Massachusetts",57046,18665,101138,49042,184535,381901,369268,346724,109583,96801,78765,33941,29588,9437,52059,24817,91313,181761,175391,164435,48015,41856,33792,13188,27458,9228,49079,24225,93222,200140,193877,182289,61568,54945,44973,20753
68192,0500000US26155,"Shiawassee County, Michigan",7759,3002,14566,5620,24011,55620,53626,51676,17634,15484,12597,5081,4112,1546,7523,2757,12093,27227,26081,25119,8605,7296,5704,2074,3647,1456,7043,2863,11918,28393,27545,26557,9029,8188,6893,3007
246365,0500000US29047,"Clay County, Missouri",33447,10464,59577,19721,99202,194578,186788,178492,49877,44101,34841,13690,17217,4998,30363,9657,49412,93631,89806,86002,22592,20015,15127,5676,16230,5466,29214,10064,49790,100947,96982,92490,27285,24086,19714,8014
118791,0500000US30063,"Missoula County, Montana",11817,3734,22121,15576,54269,98913,96670,90457,25583,22538,18257,6944,6297,1699,11481,8099,27129,48537,47604,44375,12021,10365,8720,3101,5520,2035,10640,7477,27140,50376,49066,46082,13562,12173,9537,3843
160137,0500000US30111,"Yellowstone County, Montana",22275,5895,37615,13159,60679,126633,122522,117398,38150,32979,27163,11506,11329,2829,18981,6937,29909,61804,59921,56731,17065,14366,12165,4814,10946,3066,18634,6222,30770,64829,62601,60667,21085,18613,14998,6692
111755,0500000US36045,"Jefferson County, New York",14393,3722,26799,14116,48852,87104,84956,80486,21841,19263,15458,6393,7544,1751,13667,8827,27856,46047,45062,42221,9850,8556,6947,2523,6849,1971,13132,5289,20996,41057,39894,38265,11991,10707,8511,3870
75930,0500000US39063,"Hancock County, Ohio",9131,3307,16770,6579,29301,61500,59160,56123,17527,15532,12829,5609,4539,1557,8198,3256,14707,30054,29110,28161,7524,6655,5585,2177,4592,1750,8572,3323,14594,31446,30050,27962,10003,8877,7244,3432
371574,0500000US39151,"Stark County, Ohio",45136,13821,79683,31485,132285,300641,291891,277013,97680,87234,72062,31487,23353,6988,40625,16481,65459,143736,139532,132410,43178,38109,31256,12371,21783,6833,39058,15004,66826,156905,152359,144603,54502,49125,40806,19116
65263,0500000US42005,"Armstrong County, Pennsylvania",7184,2092,12342,4716,20825,54449,52921,50804,19628,17199,14277,6324,3801,995,6432,2597,10744,27124,26439,25187,9240,7968,6468,2559,3383,1097,5910,2119,10081,27325,26482,25617,10388,9231,7809,3765
179436,0500000US48139,"Ellis County, Texas",27634,8558,47748,16517,71736,137246,131688,124578,31712,27842,22760,9118,14454,3996,24611,8790,35040,66242,63908,60330,14599,12705,9999,3663,13180,4562,23137,7727,36696,71004,67780,64248,17113,15137,12761,5455
4698619,0500000US48201,"Harris County, Texas",695182,202131,1251684,435269,2064702,3575799,3446935,3267550,740322,633301,494414,185240,353852,103411,637891,221717,1045561,1760611,1696656,1603465,337256,287556,218930,75444,341330,98720,613793,213552,1019141,1815188,1750279,1664085,403066,345745,275484,109796
86323,0500000US48291,"Liberty County, Texas",12863,4136,22869,7669,35786,66358,63454,60008,16185,13900,10882,3818,7712,1931,12521,4233,17879,32095,30693,28647,7232,6053,4616,1589,5151,2205,10348,3436,17907,34263,32761,31361,8953,7847,6266,2229
275910,0500000US48479,"Webb County, Texas",49475,15173,90659,31705,119263,195021,185251,171333,35638,32013,26003,11185,24884,7820,46092,16255,60492,95232,89614,81808,15676,14142,11133,4674,24591,7353,44567,15450,58771,99789,95637,89525,19962,17871,14870,6511
76397,0500000US51095,"James City County, Virginia",9215,2798,15497,5902,23708,62400,60900,57823,25442,23013,19525,8585,3918,1417,6604,2650,11331,29661,28715,26988,11216,10284,8822,3990,5297,1381,8893,3252,12377,32739,32185,30835,14226,12729,10703,4595
94073,0500000US51161,"Roanoke County, Virginia",11142,3687,18850,7087,33316,77314,75223,71789,25909,22858,19691,8807,6317,1658,9998,3775,16675,36143,35244,33625,11060,9682,8336,3415,4825,2029,8852,3312,16641,41171,39979,38164,14849,13176,11355,5392
169290,0500000US55059,"Kenosha County, Wisconsin",21679,7542,38585,16470,66124,135858,130705,123242,34425,29519,23669,9535,11099,4136,20383,8431,33846,67160,63824,60058,15555,13068,10772,3952,10580,3406,18202,8039,32278,68698,66881,63184,18870,16451,12897,5583
64382,0500000US06033,"Lake County, California",7291,2295,13510,3730,21315,52124,50872,49867,20179,17946,14856,5076,3319,1311,6500,2222,11237,N,24818,24219,10115,8765,7129,2444,3972,984,7010,1508,10078,N,26054,25648,10064,9181,7727,2632
883305,0500000US06075,"San Francisco County, California",61818,17248,118684,62056,426742,776750,764621,743474,191266,167289,138128,61506,32160,8578,60771,30067,220882,396674,390214,380029,89102,76942,62510,25709,29658,8670,57913,31989,205860,380076,374407,363445,102164,90347,75618,35797
314305,0500000US08123,"Weld County, Colorado",46677,12991,82497,29191,132284,240422,231808,217402,57811,49829,38223,14172,24184,6599,42700,14315,67236,119725,115425,108728,26720,23010,17671,6190,22493,6392,39797,14876,65048,120697,116383,108674,31091,26819,20552,7982
185287,0500000US12005,"Bay County, Florida",22083,6222,39688,16524,69987,150290,145599,137383,44758,38857,30927,12756,11087,3229,20130,8379,36274,74171,71722,67103,20009,17437,13935,5392,10996,2993,19558,8145,33713,76119,73877,70280,24749,21420,16992,7364
106408,0500000US13015,"Bartow County, Georgia",13264,4901,25274,10891,43907,84076,81134,76482,21998,18879,14651,5059,6809,2632,13028,5453,21767,40758,39121,36548,9480,8200,6348,2099,6455,2269,12246,5438,22140,43318,42013,39934,12518,10679,8303,2960
66765,0500000US20015,"Butler County, Kansas",10067,3069,16767,5983,25208,51856,49998,47023,14970,13164,10133,4526,4850,1475,8289,3178,13062,26541,25507,24036,6953,6251,4611,1906,5217,1594,8478,2805,12146,25315,24491,22987,8017,6913,5522,2620
81352,0500000US20103,"Leavenworth County, Kansas",11254,3125,19719,5918,32035,63585,61633,58730,17261,15296,12165,5007,5807,1763,9981,3363,18773,34312,33334,31643,7859,6821,5429,2015,5447,1362,9738,2555,13262,29273,28299,27087,9402,8475,6736,2992
73703,0500000US20161,"Riley County, Kansas",6526,2005,12188,24644,45608,62424,61515,51381,10190,8492,7035,2904,3308,709,5981,14181,25063,33157,32737,27826,4655,3949,3251,1189,3218,1296,6207,10463,20545,29267,28778,23555,5535,4543,3784,1715
161355,0500000US25015,"Hampshire County, Massachusetts",13261,5143,23568,37312,73160,141027,137787,115485,38106,34026,27968,10619,7006,2386,12061,16475,33803,64536,63036,53743,16681,14481,12039,4177,6255,2757,11507,20837,39357,76491,74751,61742,21425,19545,15929,6442
78753,0500000US29031,"Cape Girardeau County, Missouri",10014,2504,17037,11700,32319,62959,61716,56507,17851,15548,12949,5895,5145,1400,8721,5412,15984,30020,29434,26651,8017,7063,5704,2363,4869,1104,8316,6288,16335,32939,32282,29856,9834,8485,7245,3532
307117,0500000US36001,"Albany County, New York",31089,10535,56517,45118,130829,258349,250600,228483,72597,65011,52316,22311,16396,5665,29824,22049,65287,124266,119855,109265,32626,28618,22460,8346,14693,4870,26693,23069,65542,134083,130745,119218,39971,36393,29856,13965
919719,0500000US36029,"Erie County, New York",102472,33414,186092,84610,352544,757371,733627,695120,229844,202755,165216,73461,51870,17026,94602,42420,176434,362646,350245,330814,100378,88289,70998,28020,50602,16388,91490,42190,176110,394725,383382,364306,129466,114466,94218,45441
97645,0500000US37045,"Cleveland County, North Carolina",12538,4104,21657,8470,34589,79201,75988,72095,26181,22441,18097,7513,6510,2044,10824,4417,16810,37529,35935,33972,11771,9584,7772,3084,6028,2060,10833,4053,17779,41672,40053,38123,14410,12857,10325,4429
106222,0500000US39109,"Miami County, Ohio",14056,4584,24786,7254,36959,84589,81436,78287,27819,25769,20536,8950,7847,2309,13062,3809,18562,41249,39489,37719,12617,11948,9299,4048,6209,2275,11724,3445,18397,43340,41947,40568,15202,13821,11237,4902
75502,0500000US39145,"Scioto County, Ohio",9143,3148,16503,6674,28494,61321,58999,55883,18648,16325,13526,5924,4545,1594,8208,3640,15120,30420,29231,27288,8085,7063,5913,2303,4598,1554,8295,3034,13374,30901,29768,28595,10563,9262,7613,3621
416075,0500000US41005,"Clackamas County, Oregon",51115,15981,89564,30422,153332,337039,326511,313869,103663,90749,74649,29151,26725,7776,46426,16391,77684,164532,159290,152892,48285,41849,33928,12354,24390,8205,43138,14031,75648,172507,167221,160977,55378,48900,40721,16797
124937,0500000US45077,"Pickens County, South Carolina",13001,4245,23642,21840,54105,104520,101295,91381,27795,23956,20689,8876,7228,2243,12984,11448,27484,51699,50022,44932,12161,10541,9219,3588,5773,2002,10658,10392,26621,52821,51273,46449,15634,13415,11470,5288
157668,0500000US47163,"Sullivan County, Tennessee",17959,5421,30788,12256,52984,130427,126880,121129,47781,42987,34801,15117,9078,2652,15390,6505,26444,62577,60851,57478,22120,19667,15593,6247,8881,2769,15398,5751,26540,67850,66029,63651,25661,23320,19208,8870
73901,0500000US53027,"Grays Harbor County, Washington",8054,3789,15099,5552,25988,61308,58802,56545,22171,19386,16312,6222,3758,1749,6992,3076,13947,30998,30081,28796,10205,9100,7624,2801,4296,2040,8107,2476,12041,30310,28721,27749,11966,10286,8688,3421
63746,0500000US72139,"Trujillo Alto Municipio, Puerto Rico",7210,2431,11953,6038,24950,53870,51793,49272,16480,14539,12318,5350,3731,1291,6706,3057,12124,N,23666,22507,6999,5953,5130,2116,3479,1140,5247,2981,12826,N,28127,26765,9481,8586,7188,3234
108558,0500000US05031,"Craighead County, Arkansas",15159,4332,27150,11700,46228,84075,81408,75687,21122,18586,15167,6307,8032,2197,14217,5702,22819,40356,38965,36771,8788,7905,6449,2618,7127,2135,12933,5998,23409,43719,42443,38916,12334,10681,8718,3689
2171603,0500000US06071,"San Bernardino County, California",320454,97118,572279,224772,935003,1662442,1599324,1506170,365995,313895,251168,97814,164220,49596,292906,116837,476780,819681,788308,740088,166227,142593,113024,40802,156234,47522,279373,107935,458223,842761,811016,766082,199768,171302,138144,57012
1485941,0500000US12099,"Palm Beach County, Florida",157481,50005,283443,112238,510527,1237778,1202498,1150033,450975,411206,354838,182877,80153,25731,144484,57269,257533,593083,575107,547151,203525,184170,157303,79808,77328,24274,138959,54969,252994,644695,627391,602882,247450,227036,197535,103069
74163,0500000US12107,"Putnam County, Florida",8678,2651,15757,6002,24022,60519,58406,55464,22649,19981,17314,6711,4888,1248,8262,3323,12266,29434,28352,26505,11106,9795,8380,3116,3790,1403,7495,2679,11756,31085,30054,28959,11543,10186,8934,3595
236612,0500000US13117,"Forsyth County, Georgia",38590,12102,64825,17410,90680,179571,171787,163960,39775,34030,28398,10522,19688,6243,33295,9300,44945,88112,84054,79587,18157,15339,12455,4457,18902,5859,31530,8110,45735,91459,87733,84373,21618,18691,15943,6065
1050114,0500000US13121,"Fulton County, Georgia",128315,39518,229550,106259,473938,846317,820564,770527,179262,155577,122675,49838,65355,19912,116856,53881,232906,405496,392023,367342,77672,65970,51482,19142,62960,19606,112694,52378,241032,440821,428541,403185,101590,89607,71193,30696
700832,0500000US17097,"Lake County, Illinois",96279,32233,168695,72344,270207,553103,532137,499847,144715,125806,99801,40491,49159,16687,86309,39944,140307,275700,264178,244703,67154,57647,45217,16845,47120,15546,82386,32400,129900,277403,267959,255144,77561,68159,54584,23646
513607,0500000US20173,"Sedgwick County, Kansas",74847,21757,131921,47456,205317,394965,381686,362451,106010,92200,74308,30386,38253,11302,67624,24528,103884,193802,186922,176334,48687,41185,33409,12402,36594,10455,64297,22928,101433,201163,194764,186117,57323,51015,40899,17984
117327,0500000US26005,"Allegan County, Michigan",16242,5029,28357,8919,42186,92850,88970,85543,26714,24630,19808,7784,8172,2595,14224,4668,21605,45880,43929,41798,12361,11341,9022,3336,8070,2434,14133,4251,20581,46970,45041,43745,14353,13289,10786,4448
653786,0500000US26081,"Kent County, Michigan",87781,26282,157809,61887,273784,512345,495977,469471,129177,112448,89751,36502,45165,13055,81010,31249,137097,249177,240923,228324,58406,51099,39337,14616,42616,13227,76799,30638,136687,263168,255054,241147,70771,61349,50414,21886
104954,0500000US29037,"Cass County, Missouri",14863,4848,25142,8441,37157,82934,79812,76148,25315,22431,17994,7641,7753,2709,13311,4220,18587,39120,37275,35315,10755,9419,7726,3101,7110,2139,11831,4221,18570,43814,42537,40833,14560,13012,10268,4540
996945,0500000US29189,"St. Louis County, Missouri",122405,38087,219527,84427,369864,802833,777418,744097,251590,221770,180521,78802,62201,19786,111844,42011,180657,373264,360509,343530,109050,95054,75705,30724,60204,18301,107683,42416,189207,429569,416909,400567,142540,126716,104816,48078
445384,0500000US34005,"Burlington County, New Jersey",52955,17098,92802,37516,166292,363363,352582,339288,106464,93533,75275,32341,27038,8195,46595,20513,85783,177485,171850,164308,47155,41045,32653,12992,25917,8903,46207,17003,80509,185878,180732,174980,59309,52488,42622,19349
507078,0500000US34007,"Camden County, New Jersey",64414,19518,114758,41646,196291,405626,392320,374067,112307,97826,79240,33102,32976,10017,57216,21106,97251,192615,185798,176531,48391,42181,33625,12951,31438,9501,57542,20540,99040,213011,206522,197536,63916,55645,45615,20151
66781,0500000US35035,"Otero County, New Mexico",9135,2270,15459,6632,26833,53166,51322,48715,15097,13847,10722,4216,4646,815,7890,3901,14838,27644,26992,25861,7000,6463,5497,2254,4489,1455,7569,2731,11995,25522,24330,22854,8097,7384,5225,1962
222846,0500000US37071,"Gaston County, North Carolina",28150,8819,50165,18298,84425,178929,172681,164559,49424,44127,35389,13984,14119,4469,25323,9551,41405,85173,81886,77679,21084,18764,14823,5311,14031,4350,24842,8747,43020,93756,90795,86880,28340,25363,20566,8673
71948,0500000US37171,"Surry County, North Carolina",8968,2863,15196,5847,24516,58278,56752,54113,20344,18137,15066,6722,4618,1357,7879,3002,12260,27996,27345,25958,9517,8205,6816,2859,4350,1506,7317,2845,12256,30282,29407,28155,10827,9932,8250,3863
828604,0500000US42091,"Montgomery County, Pennsylvania",100830,31826,178132,66484,305761,670601,650472,622735,202380,180471,147157,66475,51482,16228,91045,32954,153638,322770,312286,298101,89845,78755,63475,26170,49348,15598,87087,33530,152123,347831,338186,324634,112535,101716,83682,40305
192876,0500000US46099,"Minnehaha County, South Dakota",27090,7484,49051,16283,78744,148819,143825,136845,36828,31781,25354,9626,14655,3637,25430,8242,40774,74905,72675,68856,17016,14330,11336,3783,12435,3847,23621,8041,37970,73914,71150,67989,19812,17451,14018,5843
324890,0500000US47149,"Rutherford County, Tennessee",45625,12993,79886,40120,146999,254455,245004,228578,49499,41476,33545,12188,22828,6294,40796,19998,73374,124055,119027,110984,21927,18449,14456,4917,22797,6699,39090,20122,73625,130400,125977,117594,27572,23027,19089,7271
231729,0500000US47187,"Williamson County, Tennessee",37849,12089,63088,17304,85650,176453,168641,159328,43840,38120,30783,11553,19622,6191,32264,8729,42603,85693,81824,77019,20843,18169,14358,4978,18227,5898,30824,8575,43047,90760,86817,82309,22997,19951,16425,6575
123707,0500000US48183,"Gregg County, Texas",17899,5125,31716,11931,48659,95713,91991,86939,26516,23153,18974,8026,9015,2270,15360,6181,24133,45533,43665,40410,11685,10262,8204,3112,8884,2855,16356,5750,24526,50180,48326,46529,14831,12891,10770,4914
65711,0500000US48347,"Nacogdoches County, Texas",8497,2617,15350,12179,29105,51893,50361,43748,12798,10819,9550,3846,4372,1128,8187,5788,13603,24697,23944,20886,5896,4961,4396,1661,4125,1489,7163,6391,15502,27196,26417,22862,6902,5858,5154,2185
2084931,0500000US48439,"Tarrant County, Texas",309652,92454,548633,194969,883862,1600241,1536298,1450797,349189,299033,235476,91286,157269,46595,278883,97747,436698,773956,741082,697896,160492,133116,103006,36867,152383,45859,269750,97222,447164,826285,795216,752901,188697,165917,132470,54419
88355,0500000US51069,"Frederick County, Virginia",12243,3790,20659,6566,31986,69962,67696,65275,21271,18559,15161,6357,6629,1874,11024,3371,16262,34972,33729,32458,9671,8725,7122,2871,5614,1916,9635,3195,15724,34990,33967,32817,11600,9834,8039,3486
89147,0500000US55089,"Ozaukee County, Wisconsin",10619,3774,18961,7448,30210,72696,70186,67051,25377,21595,17689,7566,5586,1889,9960,3869,15226,35255,33991,32423,11823,9906,8100,3218,5033,1885,9001,3579,14984,37441,36195,34628,13554,11689,9589,4348
403072,0500000US55133,"Waukesha County, Wisconsin",49067,16777,86697,31863,140486,327449,316375,303151,107405,94508,75079,32341,24868,8979,44706,16313,71151,159027,153469,146517,48490,42279,33236,13081,24199,7798,41991,15550,69335,168422,162906,156634,58915,52229,41843,19260
2450758,0500000US06065,"Riverside County, California",350333,107383,616127,238081,1002319,1907979,1834631,1729923,482864,430696,353025,152346,179294,54404,314558,122099,508636,943764,906995,851954,225118,199716,161202,66847,171039,52979,301569,115982,493683,964215,927636,877969,257746,230980,191823,85499
1937570,0500000US06085,"Santa Clara County, California",238289,70573,423735,164066,828251,1560706,1513835,1447775,369590,324601,261252,115606,122427,36318,217382,86232,435166,789321,765037,728205,169836,147298,116329,48635,115862,34255,206353,77834,393085,771385,748798,719570,199754,177303,144923,66971
549815,0500000US06099,"Stanislaus County, California",85285,24988,148801,52218,227170,418513,401014,377459,101077,89855,72507,29370,43551,12724,76005,26903,115076,204754,196314,184145,45103,40227,31958,12116,41734,12264,72796,25315,112094,213759,204700,193314,55974,49628,40549,17254
167529,0500000US08101,"Pueblo County, Colorado",20635,7248,37486,14961,64477,134639,130043,122286,42778,38343,30832,12920,10593,3613,18995,7487,32521,65350,62809,58621,19736,17402,13778,5322,10042,3635,18491,7474,31956,69289,67234,63665,23042,20941,17054,7598
190865,0500000US12053,"Hernando County, Florida",19600,6560,35153,12586,59154,159657,155712,150949,67787,62500,52643,24604,9842,3207,17403,6387,28993,75899,73991,71910,30866,28534,24206,11223,9758,3353,17750,6199,30161,83758,81721,79039,36921,33966,28437,13381
539630,0500000US12101,"Pasco County, Florida",62141,19276,109471,39066,182563,442985,430159,412902,157556,142909,122134,54751,31777,9724,55221,20201,90337,212858,206609,197048,72151,65638,55835,24733,30364,9552,54250,18865,92226,230127,223550,215854,85405,77271,66299,30018
426718,0500000US12115,"Sarasota County, Florida",34024,11703,60574,24293,107736,374772,366144,355790,189899,178420,157066,77731,18305,5390,31479,13100,53821,176369,172399,166699,88076,82496,71759,35615,15719,6313,29095,11193,53915,198403,193745,189091,101823,95924,85307,42116
128754,0500000US12119,"Sumter County, Florida",5950,1473,9257,3644,20791,120634,119497,117423,84858,81284,73154,31009,2941,509,4296,2108,12989,60151,59824,58308,40088,38119,35207,15677,3009,964,4961,1536,7802,60483,59673,59115,44770,43165,37947,15332
66999,0500000US18011,"Boone County, Indiana",10218,3140,17674,5036,24907,51404,49325,47004,13223,10943,8752,3539,5197,1664,9011,2698,12674,N,24256,22771,6137,5155,3902,1413,5021,1476,8663,2338,12233,N,25069,24233,7086,5788,4850,2126
98266,0500000US26091,"Lenawee County, Michigan",11851,3467,20655,9602,35521,79720,77611,73294,25564,22416,18092,7213,6031,1889,10598,5411,18997,40108,38912,36533,11645,10353,8068,2987,5820,1578,10057,4191,16524,39612,38699,36761,13919,12063,10024,4226
399182,0500000US29183,"St. Charles County, Missouri",53234,16277,92672,33701,155841,316553,306510,291975,86886,77813,59689,24577,27269,8226,47456,16958,78985,153879,149066,142110,39462,34384,26146,10058,25965,8051,45216,16743,76856,162674,157444,149865,47424,43429,33543,14519
66692,0500000US29187,"St. Francois County, Missouri",7811,2734,14116,5072,26109,54740,52576,50421,14902,13428,11343,4760,3974,910,6653,3009,14423,28691,27981,26927,7168,6590,4968,1910,3837,1824,7463,2063,11686,26049,24595,23494,7734,6838,6375,2850
1358343,0500000US36059,"Nassau County, New York",163811,53141,291228,119361,494863,1102592,1067115,1017069,335773,293141,241330,108367,83857,27231,149294,60930,249380,530160,512348,485494,149465,130205,104848,42526,79954,25910,141934,58431,245483,572432,554767,531575,186308,162936,136482,65841
381951,0500000US36071,"Orange County, New York",54610,17540,97252,39459,147784,295914,284699,267856,77277,68651,53391,21478,28276,8956,50373,22633,77246,147296,141656,132092,35084,31335,23532,8594,26334,8584,46879,16826,70538,148618,143043,135764,42193,37316,29859,12884
197683,0500000US37133,"Onslow County, North Carolina",26289,5032,48419,42694,103860,152605,149264,131606,24911,21742,18036,7609,13323,2733,24412,31200,64162,85820,84175,70640,11448,9941,8173,3107,12966,2299,24007,11494,39698,66785,65089,60966,13463,11801,9863,4502
532331,0500000US39113,"Montgomery County, Ohio",64780,20167,117544,48765,202413,428446,414787,393877,130456,115249,95644,41823,33174,10493,61065,24760,100469,203367,196164,184685,56935,49636,40636,16553,31606,9674,56479,24005,101944,225079,218623,209192,73521,65613,55008,25270
514213,0500000US45045,"Greenville County, South Carolina",66691,19741,118030,45527,202286,410763,396183,376953,113382,98965,80987,32581,34075,10302,60803,22468,100591,197117,189540,179942,50898,43973,35559,13507,32616,9439,57227,23059,101695,213646,206643,197011,62484,54992,45428,19074
69087,0500000US47059,"Greene County, Tennessee",7311,2440,13063,6033,24195,57660,56024,52049,20716,17813,14809,6235,3805,1168,6705,3232,12398,28037,27242,25238,9351,7990,6584,2571,3506,1272,6358,2801,11797,29623,28782,26811,11365,9823,8225,3664
226758,0500000US48041,"Brazos County, Texas",26002,7153,46903,58121,126840,185017,179855,151152,28809,26144,20996,8191,13150,4016,24571,30801,66697,93897,90846,76183,13291,12390,9792,3396,12852,3137,22332,27320,60143,91120,89009,74969,15518,13754,11204,4795
222631,0500000US48209,"Hays County, Texas",28079,7857,49928,38678,107762,177260,172703,155941,35109,30584,24844,8878,14352,3585,25310,18767,54311,88471,85778,78481,15680,13599,11234,4029,13727,4272,24618,19911,53451,88789,86925,77460,19429,16985,13610,4849
1150795,0500000US51059,"Fairfax County, Virginia",150479,45530,269098,96425,461732,911606,881697,843688,222650,192935,154639,60558,77095,23156,137678,48880,233159,448122,433095,413342,105375,88725,70761,26264,73384,22374,131420,47545,228573,463484,448602,430346,117275,104210,83878,34294
394855,0500000US12081,"Manatee County, Florida",41795,12298,72457,27377,121042,329783,322398,310774,137168,127080,107787,49673,20942,6205,37429,14063,59856,157706,153855,147211,63310,58414,50086,23262,20853,6093,35028,13314,61186,172077,168543,163563,73858,68666,57701,26411
254149,0500000US13057,"Cherokee County, Georgia",36128,11212,62094,21289,98227,200627,192055,181761,50591,45282,36209,12798,18642,5990,31796,10938,48920,97643,93491,88327,23272,21262,16542,5735,17486,5222,30298,10351,49307,102984,98564,93434,27319,24020,19667,7063
194160,0500000US13215,"Muscogee County, Georgia",27504,7456,48112,19156,82528,150923,146048,137922,38019,31415,26086,10952,14440,3823,24802,9738,41512,72222,69868,65744,16289,13318,10468,3905,13064,3633,23310,9418,41016,78701,76180,72178,21730,18097,15618,7047
200983,0500000US15001,"Hawaii County, Hawaii",24918,6933,43630,14472,68737,162367,157353,151325,58846,52057,42643,15240,12594,2882,21658,7590,33728,79681,77312,74299,28581,25518,20740,7102,12324,4051,21972,6882,35009,82686,80041,77026,30265,26539,21903,8138
169594,0500000US18127,"Porter County, Indiana",21518,6579,37422,16398,64109,136235,132172,125067,39205,34475,27395,10979,10892,3520,19721,8756,32541,66938,64463,60979,18439,16007,12501,4708,10626,3059,17701,7642,31568,69297,67709,64088,20766,18468,14894,6271
98115,0500000US22057,"Lafourche Parish, Louisiana",14119,3522,22982,8499,37110,77660,75133,71323,22897,19817,15537,7109,6922,1857,11235,3334,18214,37313,35953,34623,9879,8354,6531,2650,7197,1665,11747,5165,18896,40347,39180,36700,13018,11463,9006,4459
602495,0500000US24510,"Baltimore city, Maryland",66856,18291,123114,57882,267148,491977,479381,454928,124044,107962,84069,33928,33706,9220,62430,27936,127680,226204,220247,208081,50658,44218,33869,12593,33150,9071,60684,29946,139468,265773,259134,246847,73386,63744,50200,21335
159442,0500000US36083,"Rensselaer County, New York",17469,5595,31179,17061,63742,132146,128263,120608,37660,33797,26557,10550,9325,2906,15992,9215,32653,65075,62774,58337,17413,15468,11847,4159,8144,2689,15187,7846,31089,67071,65489,62271,20247,18329,14710,6391
166614,0500000US37057,"Davidson County, North Carolina",20920,6538,36641,12087,58479,135115,129973,125695,42887,38104,30038,12029,10822,3038,18123,6299,29043,65345,63018,60879,19581,16733,13576,5119,10098,3500,18518,5788,29436,69770,66955,64816,23306,21371,16462,6910
175769,0500000US39089,"Licking County, Ohio",22731,7101,40809,15385,64158,139166,134960,127964,40277,34838,28733,11955,11684,3606,20664,7765,31589,67174,64847,61411,18547,16314,12717,4887,11047,3495,20145,7620,32569,71992,70113,66553,21730,18524,16016,7068
219564,0500000US41029,"Jackson County, Oregon",25123,7741,44571,17064,77014,180233,174993,167736,65130,58597,48689,19652,12904,3342,22385,8497,37761,86268,84226,80861,29218,26889,21920,8377,12219,4399,22186,8567,39253,93965,90767,86875,35912,31708,26769,11275
84501,0500000US42063,"Indiana County, Pennsylvania",8223,2654,14818,14005,33659,71293,69683,61911,22679,20275,16623,7404,4314,1325,7669,7402,17772,35738,34858,31177,10506,9246,7505,2956,3909,1329,7149,6603,15887,35555,34825,30734,12173,11029,9118,4448
200482,0500000US45007,"Anderson County, South Carolina",25371,7939,45426,17933,73692,160267,155056,146595,48417,43767,35930,14499,13293,4162,23786,9212,36085,76305,73557,69286,21685,19801,16015,5848,12078,3777,21640,8721,37607,83962,81499,77309,26732,23966,19915,8651
162124,0500000US48135,"Ector County, Texas",26503,7324,48934,16210,71350,117708,113190,106766,23546,19713,15171,6097,13567,3384,24939,8615,37107,59828,57779,54221,11715,9136,6732,2456,12936,3940,23995,7595,34243,57880,55411,52545,11831,10577,8439,3641
230221,0500000US48423,"Smith County, Texas",31322,9370,56559,22753,89911,179671,173662,164160,52104,45631,37588,15892,16302,5226,29854,11123,43986,85460,81805,76721,22974,20119,16443,6573,15020,4144,26705,11630,45925,94211,91857,87439,29130,25512,21145,9319
92035,0500000US48469,"Victoria County, Texas",13274,4283,23694,8103,35573,70496,68341,64520,20646,18921,14935,6565,6833,1510,11410,3977,16952,33675,32858,31086,9520,8461,6465,2859,6441,2773,12284,4126,18621,36821,35483,33434,11126,10460,8470,3706
103718,0500000US55127,"Walworth County, Wisconsin",12072,4080,21242,12873,40063,84938,82476,76907,24941,22705,18146,7385,6135,1963,11079,6487,20657,42352,41022,37879,11936,10924,8421,3254,5937,2117,10163,6386,19406,42586,41454,39028,13005,11781,9725,4131
63711,0500000US01127,"Walker County, Alabama",7891,2325,13976,4951,22518,50948,49735,47597,15264,13917,12061,4919,4043,1092,7375,2727,11204,24034,23695,22404,6517,6223,5158,1975,3848,1233,6601,2224,11314,26914,26040,25193,8747,7694,6903,2944
272608,0500000US05007,"Benton County, Arkansas",40535,12052,71569,21934,112999,208879,201039,191241,51109,44372,36290,16009,20705,6007,36340,11301,57191,102614,98776,93199,22970,20251,16330,6927,19830,6045,35229,10633,55808,106265,102263,98042,28139,24121,19960,9082
96807,0500000US06101,"Sutter County, California",14271,4059,24983,8107,38066,74492,71824,67911,21337,18537,14863,7116,7256,2245,12653,4172,19176,36321,34977,32899,9715,8319,6562,3223,7015,1814,12330,3935,18890,38171,36847,35012,11622,10218,8301,3893
511868,0500000US08001,"Adams County, Colorado",77295,22374,135775,44846,226304,392240,376093,357371,77551,67694,53109,19782,39169,11572,69280,23225,117347,197978,189074,179090,35662,30968,23590,8206,38126,10802,66495,21621,108957,194262,187019,178281,41889,36726,29519,11576
75027,0500000US12087,"Monroe County, Florida",6115,1792,11243,4891,25175,65257,63784,61600,22772,20400,16972,6110,3235,949,5588,2733,13130,33620,32903,31557,11795,10588,8788,3425,2880,843,5655,2158,12045,31637,30881,30043,10977,9812,8184,2685
1380645,0500000US12095,"Orange County, Florida",170850,50908,305594,144960,626330,1107284,1075051,1011339,240255,205500,164884,64788,87993,25647,156417,70412,311491,538077,521472,487887,107503,91517,72375,26398,82857,25261,149177,74548,314839,569207,553579,523452,132752,113983,92509,38390
145864,0500000US13077,"Coweta County, Georgia",18868,8412,34644,13182,59283,116331,111220,105182,30015,26167,20747,7466,10333,5307,19263,7503,30944,56696,53777,50557,13758,11586,9423,2983,8535,3105,15381,5679,28339,59635,57443,54625,16257,14581,11324,4483
109430,0500000US17099,"LaSalle County, Illinois",13098,4165,23327,8004,39747,89216,86103,82521,28235,25442,20841,9199,6773,2257,11926,4151,20953,44944,43316,41717,13162,11909,9446,3681,6325,1908,11401,3853,18794,44272,42787,40804,15073,13533,11395,5518
225909,0500000US19113,"Linn County, Iowa",29369,8911,52580,20303,88958,179264,173329,164988,48986,43613,36397,15734,15121,4690,27315,10271,44942,87150,84260,79996,22454,20134,15932,6083,14248,4221,25265,10032,44016,92114,89069,84992,26532,23479,20465,9651
67427,0500000US27013,"Blue Earth County, Minnesota",6914,1838,13316,14472,33005,55182,54111,47112,12383,11131,9447,4254,3726,931,6523,6989,16915,27499,26906,23349,5582,5026,4162,1628,3188,907,6793,7483,16090,27683,27205,23763,6801,6105,5285,2626
206650,0500000US28047,"Harrison County, Mississippi",27714,7918,49415,19610,82271,162222,157235,149798,42377,36791,30988,12336,13974,4022,25307,10925,41152,78900,76346,72072,19026,16478,14288,5356,13740,3896,24108,8685,41119,83322,80889,77726,23351,20313,16700,6980
237085,0500000US28049,"Hinds County, Mississippi",32284,9390,56752,26619,99648,187532,180333,167464,48092,42128,33279,13378,16664,4705,28787,12802,46840,85271,81701,75681,20690,17911,13683,4859,15620,4685,27965,13817,52808,102261,98632,91783,27402,24217,19596,8519
224347,0500000US29099,"Jefferson County, Missouri",29503,8877,51654,16381,82899,179131,172693,166575,50470,44783,33824,13005,15404,4484,26338,8572,42049,88549,85241,82015,23541,20831,15500,5573,14099,4393,25316,7809,40850,90582,87452,84560,26929,23952,18324,7432
89786,0500000US33009,"Grafton County, New Hampshire",8195,2572,14376,12431,34773,77523,75410,68447,25182,22053,18635,7629,3971,1324,7068,6230,17426,37709,36681,32691,12143,10223,8771,3441,4224,1248,7308,6201,17347,39814,38729,35756,13039,11830,9864,4188
127939,0500000US36013,"Chautauqua County, New York",14273,4476,25570,12055,45725,105623,102369,96435,35067,31011,25587,11319,7522,2355,13349,6385,23582,52182,50465,47454,15953,14367,11598,4656,6751,2121,12221,5670,22143,53441,51904,48981,19114,16644,13989,6663
379099,0500000US37067,"Forsyth County, North Carolina",49112,14909,86658,37798,147208,302037,292441,273151,83465,73871,60385,24631,25435,7670,44858,18169,70555,140539,135571,127079,36537,31846,25780,9750,23677,7239,41800,19629,76653,161498,156870,146072,46928,42025,34605,14881
205466,0500000US39025,"Clermont County, Ohio",27177,8334,47609,15951,76129,162963,157857,151328,47424,41042,32976,12942,13929,4244,24381,8403,38268,79413,76434,73093,21402,18590,14825,5339,13248,4090,23228,7548,37861,83550,81423,78235,26022,22452,18151,7603
204826,0500000US39041,"Delaware County, Ohio",31477,9957,54159,17378,77801,156814,150667,142156,39972,34230,27578,10641,16090,4813,27719,9180,38403,76423,73302,69197,18444,15296,12298,4313,15387,5144,26440,8198,39398,80391,77365,72959,21528,18934,15280,6328
1310300,0500000US39049,"Franklin County, Ohio",165591,46027,304644,128821,590038,1038679,1005656,947563,231219,199858,157541,62074,84317,23367,155007,63540,293501,500430,484438,455807,102302,85777,67010,24312,81274,22660,149637,65281,296537,538249,521218,491756,128917,114081,90531,37762
179146,0500000US39103,"Medina County, Ohio",22647,7886,40256,12995,63124,143922,138890,132551,43432,39215,32074,13152,11910,4256,21298,6777,32392,70664,67915,64557,19940,18075,14584,5534,10737,3630,18958,6218,30732,73258,70975,67994,23492,21140,17490,7618
106727,0500000US47011,"Bradley County, Tennessee",12679,4371,23230,11320,41515,86193,83497,78084,24126,22053,18022,7514,6953,2352,12553,5445,20563,41218,39850,37187,10409,9493,7807,3005,5726,2019,10677,5875,20952,44975,43647,40897,13717,12560,10215,4509
86976,0500000US48021,"Bastrop County, Texas",12108,4039,22094,8352,32643,67002,64882,61279,19416,16019,12308,4163,6129,2022,11518,4772,16646,33774,32625,30167,9772,8151,5931,1968,5979,2017,10576,3580,15997,33228,32257,31112,9644,7868,6377,2195
362265,0500000US48355,"Nueces County, Texas",49663,14840,88910,35950,150520,283111,273355,256000,74996,65248,52731,20991,25561,7932,46001,17794,76401,137996,133695,125054,34360,30000,23794,8542,24102,6908,42909,18156,74119,145115,139660,130946,40636,35248,28937,12449
201877,0500000US53005,"Benton County, Washington",30691,9298,53999,16768,78865,153104,147878,140457,42090,37303,30082,11893,15117,4500,26590,8479,40121,75574,73401,69347,19571,17691,14106,5176,15574,4798,27409,8289,38744,77530,74477,71110,22519,19612,15976,6717
225685,0500000US53073,"Whatcom County, Washington",25929,6389,44119,32278,95497,186211,181566,167058,54103,48350,39347,15156,12608,3404,22517,15886,48101,91366,88952,81829,25990,22960,18302,6828,13321,2985,21602,16392,47396,94845,92614,85229,28113,25390,21045,8328
71818,0500000US04001,"Apache County, Arizona",11600,3196,19517,7200,27540,54577,52301,48916,15270,13466,10932,4466,5867,1670,10019,3802,14492,26796,25594,23959,7348,6500,4938,1999,5733,1526,9498,3398,13048,27781,26707,24957,7922,6966,5994,2467
209550,0500000US04015,"Mohave County, Arizona",20527,6018,35609,13174,59429,177746,173941,169270,82568,76377,63794,26662,10158,3016,17767,6842,31569,89611,87829,85073,41187,38321,31652,13304,10369,3002,17842,6332,27860,88135,86112,84197,41381,38056,32142,13358
1039073,0500000US04019,"Pima County, Arizona",121124,36858,216294,122288,411019,847376,822779,773418,271445,243731,205547,88274,61849,18140,109784,62099,208936,411843,400483,376153,123771,110695,93110,38504,59275,18718,106510,60189,202083,435533,422296,397265,147674,133036,112437,49770
236961,0500000US05143,"Washington County, Arkansas",31685,9024,57013,35583,111297,186286,179948,162761,39312,32933,26922,10958,15394,4888,28988,17956,56633,92876,89100,81147,18016,14554,11881,4399,16291,4136,28025,17627,54664,93410,90848,81614,21296,18379,15041,6559
446610,0500000US06095,"Solano County, California",55721,16716,99231,38489,177152,357799,347379,332533,101130,86721,70597,27847,28766,8348,51045,20403,90950,177121,171427,163250,46176,38592,31322,11552,26955,8368,48186,18086,86202,180678,175952,169283,54954,48129,39275,16295
702455,0500000US11001,"District of Columbia, District of Columbia",66243,15481,127214,75065,359548,586358,575241,541913,118779,104885,85626,36793,33387,7737,65056,34248,170452,275004,269152,253866,50152,43209,35230,14225,32856,7744,62158,40817,189096,311354,306089,288047,68627,61676,50396,22568
254261,0500000US12109,"St. Johns County, Florida",33390,9860,54889,20501,84479,205592,199372,186770,69765,63166,51740,20152,17220,4791,27942,10706,41673,100091,96493,89812,32761,29954,24442,9249,16170,5069,26947,9795,42806,105501,102879,96958,37004,33212,27298,10903
86081,0500000US16083,"Twin Falls County, Idaho",13063,4493,23536,6971,34237,66234,62545,60026,18365,15958,12925,5630,6875,2436,12576,3750,17081,32841,30794,30029,8094,7181,5677,2433,6188,2057,10960,3221,17156,33393,31751,29997,10271,8777,7248,3197
104712,0500000US17115,"Macon County, Illinois",12948,3930,23097,8732,37904,84164,81615,77355,29854,25870,21167,9486,6575,1965,11809,4297,18176,39664,38470,36210,13756,11423,9365,3830,6373,1965,11288,4435,19728,44500,43145,41145,16098,14447,11802,5656
107386,0500000US18167,"Vigo County, Indiana",11516,3820,21693,16911,46820,88250,85693,78380,23654,21054,17118,7346,6036,2024,11531,8468,24901,44320,43024,39147,10434,8983,7110,2564,5480,1796,10162,8443,21919,43930,42669,39233,13220,12071,10008,4782
93152,0500000US21037,"Campbell County, Kentucky",10305,3588,19403,9766,37977,76020,73749,68942,21340,17875,14825,6148,5302,1882,9859,4301,18275,36430,35147,33396,9522,7949,6562,2273,5003,1706,9544,5465,19702,39590,38602,35546,11818,9926,8263,3875
203112,0500000US22019,"Calcasieu Parish, Louisiana",27789,7795,50285,17339,80134,158015,152827,145972,44633,39644,30465,12085,14045,3709,25211,8891,39186,75659,72873,68768,19495,17513,13251,4882,13744,4086,25074,8448,40948,82356,79954,77204,25138,22131,17214,7203
82764,0500000US22097,"St. Landry Parish, Louisiana",12171,3623,22260,7407,30694,63347,60504,56633,18685,16278,13167,5357,6093,2313,11874,3928,15723,30376,28395,26038,8442,7050,5703,2063,6078,1310,10386,3479,14971,32971,32109,30595,10243,9228,7464,3294
518132,0500000US25023,"Plymouth County, Massachusetts",61593,21378,110245,44969,182509,421771,407887,389092,131153,115888,93606,37561,31829,10657,56624,22713,91738,203377,196082,186589,58685,51978,41291,15186,29764,10721,53621,22256,90771,218394,211805,202503,72468,63910,52315,22375
86983,0500000US29043,"Christian County, Missouri",13325,4166,23133,6315,32609,66749,63850,61087,19592,16644,13424,5430,6612,2404,11769,3326,16437,32428,30892,29555,9334,7602,6189,2416,6713,1762,11364,2989,16172,34321,32958,31532,10258,9042,7235,3014
68700,0500000US30049,"Lewis and Clark County, Montana",8332,2490,14986,5533,24815,55167,53714,51519,17751,15589,12668,4674,4053,1334,7755,2821,12582,27078,26099,25032,8470,7339,5936,2020,4279,1156,7231,2712,12233,28089,27615,26487,9281,8250,6732,2654
69611,0500000US35025,"Lea County, New Mexico",12081,3426,20628,7683,31301,51076,48983,44838,11628,9119,7856,3086,6195,1824,10734,3699,16927,26176,24964,22539,5624,4084,3495,1300,5886,1602,9894,3984,14374,24900,24019,22299,6004,5035,4361,1786
92176,0500000US39157,"Tuscarawas County, Ohio",11567,3843,21059,7442,32966,73525,71117,67846,24751,22610,18027,7975,5631,1789,10372,4179,16544,35541,34443,32568,11064,10154,7836,3117,5936,2054,10687,3263,16422,37984,36674,35278,13687,12456,10191,4858
72679,0500000US40125,"Pottawatomie County, Oklahoma",9740,3048,17153,7083,28248,57492,55526,51886,16970,14488,11821,4678,4706,1534,8371,3462,13681,27132,26242,24553,8001,6698,5328,1983,5034,1514,8782,3621,14567,30360,29284,27333,8969,7790,6493,2695
274118,0500000US45091,"York County, South Carolina",39327,11209,66497,23393,105931,214983,207621,196676,54989,47650,39364,14614,20073,6279,34409,11822,51845,102554,98048,92338,24805,21581,17113,5992,19254,4930,32088,11571,54086,112429,109573,104338,30184,26069,22251,8622
137640,0500000US48441,"Taylor County, Texas",19014,5240,34211,20898,60742,106512,103429,93785,27501,24196,19400,9448,9561,2576,16959,10444,30508,51469,49970,45358,12534,10948,8293,3830,9453,2664,17252,10454,30234,55043,53459,48427,14967,13248,11107,5618
72480,0500000US48471,"Walker County, Texas",6707,1544,10927,15281,35821,62631,61553,53303,13495,11731,9226,3340,3600,792,5934,5616,18616,N,34432,32031,6792,5935,4245,1426,3107,752,4993,9665,17205,N,27121,21272,6703,5796,4981,1914
164572,0500000US50007,"Chittenden County, Vermont",17043,5216,29165,26264,73688,138988,135407,121782,36970,32693,26108,10280,8054,2918,14689,12920,37130,67370,65576,59057,16702,14538,11349,3862,8989,2298,14476,13344,36558,71618,69831,62725,20268,18155,14759,6418
94632,0500000US51740,"Portsmouth city, Virginia",11873,3125,21850,9019,39121,74516,72782,68682,19325,16684,13934,5734,6473,1676,11619,4816,19551,35632,34519,32140,8612,6867,5817,2101,5400,1449,10231,4203,19570,38884,38263,36542,10713,9817,8117,3633
84203,0500000US54107,"Wood County, West Virginia",9977,3032,17812,6268,29049,68417,66391,63983,22270,20035,17190,7309,5066,1578,9111,3026,14330,32723,31652,30263,10416,9323,7637,3001,4911,1454,8701,3242,14719,35694,34739,33720,11854,10712,9553,4308
79115,0500000US56025,"Natrona County, Wyoming",10544,3414,18914,6164,31597,62587,60201,57458,16960,15219,11900,4719,5424,1883,10015,2861,16179,31147,29790,28513,8130,7106,5506,1846,5120,1531,8899,3303,15418,31440,30411,28945,8830,8113,6394,2873
102501,0500000US01055,"Etowah County, Alabama",12371,3531,22032,9100,37123,82575,80469,77369,27509,24397,19632,8113,6018,1802,10814,4789,18304,39031,38016,36361,12270,10683,8411,3143,6353,1729,11218,4311,18819,43544,42453,41008,15239,13714,11221,4970
163941,0500000US01081,"Lee County, Alabama",21020,5020,34795,31493,76993,132509,129146,113550,29162,25145,19887,6552,11141,2106,17947,16612,38153,64204,62885,54278,13008,11086,9011,2767,9879,2914,16848,14881,38840,68305,66261,59272,16154,14059,10876,3785
291538,0500000US02020,"Anchorage Municipality, Alaska",39258,11136,71338,28371,127095,227669,220200,208675,48692,40483,32809,11017,19966,5968,36696,15725,65980,115912,111972,105308,23916,19329,15703,4758,19292,5168,34642,12646,61115,111757,108228,103367,24776,21154,17106,6259
716492,0500000US08031,"Denver County, Colorado",76828,20116,139699,57214,359297,590285,576793,554026,118333,103977,83996,32151,39067,9375,70606,28084,182391,294860,288230,277381,53486,46099,36805,12606,37761,10741,69093,29130,176906,295425,288563,276645,64847,57878,47191,19545
378488,0500000US12021,"Collier County, Florida",36594,11624,64531,25257,109126,321278,313957,303005,149247,139368,122463,62252,18395,5934,32171,14268,56544,157355,153129,147064,69160,65417,58031,29902,18199,5690,32360,10989,52582,163923,160828,155941,80087,73951,64432,32350
2761581,0500000US12086,"Miami-Dade County, Florida",305693,93677,558719,231736,1099096,2265718,2202862,2108300,607283,538252,447968,207818,155526,47305,283661,117646,555672,1087176,1056037,1008240,260585,228912,186077,80780,150167,46372,275058,114090,543424,1178542,1146825,1100060,346698,309340,261891,127038
954670,0500000US18097,"Marion County, Indiana",130267,36004,235211,88207,408634,743414,719459,682667,173672,150319,120092,48841,66354,18096,119989,43047,198955,351117,339160,321783,75662,63925,50476,18496,63913,17908,115222,45160,209679,392297,380299,360884,98010,86394,69616,30345
121436,0500000US20045,"Douglas County, Kansas",12229,3446,21734,28310,64287,101645,99702,86226,20838,18846,15300,6402,5634,1677,10375,14126,32582,50502,49535,43527,9243,8553,7068,2700,6595,1769,11359,14184,31705,51143,50167,42699,11595,10293,8232,3702
139567,0500000US22063,"Livingston Parish, Louisiana",19837,5999,35705,11648,56343,108994,103862,98799,28112,23796,18939,7581,10613,2722,18315,5975,27320,52985,50263,47364,13069,11154,8380,3081,9224,3277,17390,5673,29023,56009,53599,51435,15043,12642,10559,4500
79332,0500000US26037,"Clinton County, Michigan",10162,3259,17755,7139,29717,63482,61577,59010,19268,17266,13620,5319,5121,1764,9059,3514,15170,30957,30075,28822,9045,8271,6237,2346,5041,1495,8696,3625,14547,32525,31502,30188,10223,8995,7383,2973
143277,0500000US28059,"Jackson County, Mississippi",21692,5975,33631,12819,55464,113819,109646,103465,32610,27312,22736,9158,12413,2691,18117,7095,26678,55043,52920,49505,14657,12293,10483,4204,9279,3284,15514,5724,28786,58776,56726,53960,17953,15019,12253,4954
80695,0500000US36019,"Clinton County, New York",7796,2603,14181,11202,33468,67958,66514,61766,19879,16420,13523,5658,4056,1381,7350,6169,18789,35997,35008,32840,9816,7723,6233,2372,3740,1222,6831,5033,14679,31961,31506,28926,10063,8697,7290,3286
1628701,0500000US36061,"New York County, New York",122674,33535,232979,145884,776645,1418001,1395722,1343289,360291,321233,268834,122484,61631,16544,117205,65432,372713,664619,653157,629664,150194,133642,109763,47453,61043,16991,115774,80452,403932,753382,742565,713625,210097,187591,159071,75031
230163,0500000US36091,"Saratoga County, New York",25158,9170,46199,20687,84580,189996,183964,175213,55084,48607,40850,16184,12795,4395,23489,10435,42934,93062,89850,85457,25968,22473,18663,6838,12363,4775,22710,10252,41646,96934,94114,89756,29116,26134,22187,9346
166436,0500000US37001,"Alamance County, North Carolina",20861,6675,36955,18093,64108,133308,129481,119269,38922,34378,28381,12294,10506,3827,19018,8676,31398,62288,59937,54902,16426,14637,11894,4716,10355,2848,17937,9417,32710,71020,69544,64367,22496,19741,16487,7578
202675,0500000US37101,"Johnston County, North Carolina",29992,8886,51796,15589,77792,156696,150879,143652,38740,35095,27396,10134,15557,3846,26136,7551,37176,74915,71977,67959,16218,14666,11536,3505,14435,5040,25660,8038,40616,81781,78902,75693,22522,20429,15860,6629
146027,0500000US37135,"Orange County, North Carolina",17379,4872,28863,26947,64716,120504,117164,102825,29182,26364,20753,7176,8161,2055,12965,12419,29885,54979,53570,47388,12668,11361,9110,3103,9218,2817,15898,14528,34831,65525,63594,55437,16514,15003,11643,4073
235908,0500000US37179,"Union County, North Carolina",37422,12997,63641,21951,89057,181743,172267,161755,41891,37400,29790,11656,19302,6626,32120,11147,43914,88307,83728,78913,18941,16752,13089,4871,18120,6371,31521,10804,45143,93436,88539,82842,22950,20648,16701,6785
70770,0500000US38035,"Grand Forks County, North Dakota",8337,2025,14928,13911,34182,57507,55842,48868,12831,10942,8863,3793,4929,1061,8582,7824,18641,29828,28865,24585,6021,5214,3983,1550,3408,964,6346,6087,15541,27679,26977,24283,6810,5728,4880,2243
382378,0500000US39017,"Butler County, Ohio",51089,15926,90001,47316,152755,303215,292377,270405,80953,70748,56272,22957,26237,8179,46415,23566,75890,147486,141672,130465,37105,31788,24939,9300,24852,7747,43586,23750,76865,155729,150705,139940,43848,38960,31333,13657
191996,0500000US41017,"Deschutes County, Oregon",22445,7093,39129,11967,68750,156933,152867,148482,53680,49058,38748,14492,11939,3490,20104,6013,34144,77548,75488,73082,25573,23188,18786,6980,10506,3603,19025,5954,34606,79385,77379,75400,28107,25870,19962,7512
79388,0500000US42033,"Clearfield County, Pennsylvania",8369,2525,14681,5634,27288,66451,64707,62498,21719,19297,16267,7313,4493,1334,7778,3111,15103,34778,33867,32790,10130,8767,7326,2929,3876,1191,6903,2523,12185,31673,30840,29708,11589,10530,8941,4384
95380,0500000US45057,"Lancaster County, South Carolina",12851,2839,21139,6421,33806,76425,74241,70054,25563,22899,19635,7691,5982,1682,10366,3418,17241,36907,35471,32982,11121,10016,8708,3397,6869,1157,10773,3003,16565,39518,38770,37072,14442,12883,10927,4294
131349,0500000US47009,"Blount County, Tennessee",15068,5426,27124,10852,46151,108262,104225,99929,36722,32575,27168,11183,8085,2831,14538,5055,22351,51258,49048,46879,16827,14914,12090,4868,6983,2595,12586,5797,23800,57004,55177,53050,19895,17661,15078,6315
859064,0500000US48121,"Denton County, Texas",120516,37710,211996,79394,376463,673154,647068,609220,128830,110770,87138,31001,61630,19268,108391,39309,186164,328209,314606,296129,60476,50345,38939,13090,58886,18442,103605,40085,190299,344945,332462,313091,68354,60425,48199,17911
119648,0500000US48375,"Potter County, Texas",18864,4713,32795,11518,48192,90107,86853,82072,19834,16910,13638,5813,9764,2170,16553,6317,25745,45892,44687,41574,9105,8145,6337,2385,9100,2543,16242,5201,22447,44215,42166,40498,10729,8765,7301,3428
1248743,0500000US48453,"Travis County, Texas",149455,42685,270535,114491,607462,1008923,978208,931120,183401,157121,123434,43491,76067,21513,137636,57526,313568,508254,493141,468933,86805,72822,55958,17974,73388,21172,132899,56965,293894,500669,485067,462187,96596,84299,67476,25517
351713,0500000US49011,"Davis County, Utah",64926,18304,112973,32091,152534,250723,238740,224979,52096,46080,35673,13872,33539,9240,58498,17071,76944,124968,118913,111470,24193,21396,16662,6243,31387,9064,54475,15020,75590,125755,119827,113509,27903,24684,19011,7629
237521,0500000US51013,"Arlington County, Virginia",23062,5715,43013,20874,123003,198604,194508,189987,37048,32175,24837,9962,12284,3346,22846,10419,62826,99651,96952,94652,17253,14455,11124,3904,10778,2369,20167,10455,60177,98953,97556,95335,19795,17720,13713,6058
225763,0500000US01101,"Montgomery County, Alabama",28699,8790,52623,21804,91637,179561,173140,163785,47817,41558,34276,13822,14782,4484,26975,10763,44574,82926,79638,74782,20553,17795,14329,5298,13917,4306,25648,11041,47063,96635,93502,89003,27264,23763,19947,8524
3343364,0500000US06073,"San Diego County, California",398169,116469,722408,343177,1458198,2695957,2620956,2480132,661304,582355,469821,197520,203650,59346,369604,189314,764751,1351458,1313204,1236658,301542,264963,209120,82022,194519,57123,352804,153863,693447,1344499,1307752,1243474,359762,317392,260701,115498
752660,0500000US06077,"San Joaquin County, California",116636,34733,204316,72720,310768,571146,548344,514960,138313,121700,95844,39120,59703,17899,104690,37467,158157,282590,269957,251462,63181,55626,42392,16010,56933,16834,99626,35253,152611,288556,278387,263498,75132,66074,53452,23110
178550,0500000US10001,"Kent County, Delaware",23136,6577,40645,17749,68812,141800,137905,129791,40615,36324,29812,12474,11604,3178,20589,8719,33618,66922,65216,61688,18019,15619,13200,5348,11532,3399,20056,9030,35194,74878,72689,68103,22596,20705,16612,7126
321128,0500000US12111,"St. Lucie County, Florida",36129,11028,63151,23910,107710,266241,257977,248610,97678,88688,77208,34521,18869,5490,31389,12045,54558,128491,124514,120399,45373,41811,35970,15515,17260,5538,31762,11865,53152,137750,133463,128211,52305,46877,41238,19006
116321,0500000US13185,"Lowndes County, Georgia",15423,4250,27878,20052,54068,91357,88443,80384,20411,17773,14530,5879,8013,1956,13770,9971,26126,42704,41765,38173,8378,7316,6010,2282,7410,2294,14108,10081,27942,48653,46678,42211,12033,10457,8520,3597
65691,0500000US17001,"Adams County, Illinois",8405,2153,14979,4637,22657,52121,50712,49145,17324,15562,13297,6389,4559,1073,7995,2324,11378,25446,24666,23778,8050,6807,5914,2668,3846,1080,6984,2313,11279,26675,26046,25367,9274,8755,7383,3721
104143,0500000US17037,"DeKalb County, Illinois",13106,3370,22273,19461,49429,83927,81870,72369,18950,16671,13305,5528,5935,1879,10875,10574,24955,41044,40028,34743,8764,7231,5649,2128,7171,1491,11398,8887,24474,42883,41842,37626,10186,9440,7656,3400
67056,0500000US17199,"Williamson County, Illinois",8599,2137,14897,4213,23423,53869,52159,50111,18284,15962,12562,5328,4507,1040,7691,2095,12000,27220,26299,25286,8865,7663,5668,2247,4092,1097,7206,2118,11423,26649,25860,24825,9419,8299,6894,3081
167009,0500000US18063,"Hendricks County, Indiana",23901,7870,41779,12631,66319,130596,125230,119772,33911,29018,22917,9129,12684,4263,22004,6433,33685,64268,61435,58557,14357,12194,9830,3571,11217,3607,19775,6198,32634,66328,63795,61215,19554,16824,13087,5558
93533,0500000US19155,"Pottawattamie County, Iowa",12632,3533,21687,8511,34361,74371,71846,67567,23144,20698,16444,6907,6810,1665,11310,4337,17151,35539,34405,32209,10517,9437,7118,2751,5822,1868,10377,4174,17210,38832,37441,35358,12627,11261,9326,4156
255648,0500000US24021,"Frederick County, Maryland",33510,10680,59288,22064,98924,202982,196360,187007,53942,47602,36820,14804,17115,5794,30453,11502,50098,99768,96090,91089,24903,21756,16235,5850,16395,4886,28835,10562,48826,103214,100270,95918,29039,25846,20585,8954
909308,0500000US24033,"Prince George's County, Maryland",110983,31405,201928,88181,374114,727791,707380,666203,173650,153042,120625,44920,56280,15947,102486,44259,187532,345487,335139,314292,75410,65757,50345,17845,54703,15458,99442,43922,186582,382304,372241,351911,98240,87285,70280,27075
109826,0500000US26045,"Eaton County, Michigan",12991,3954,22484,9524,41264,90077,87342,83444,29221,25456,20280,8081,6801,2155,11727,5110,21225,43955,42663,40007,14022,12199,9261,3318,6190,1799,10757,4414,20039,46122,44679,43437,15199,13257,11019,4763
158823,0500000US26075,"Jackson County, Michigan",18421,6460,33802,13893,59114,129716,125021,118057,39566,34742,28547,11610,9510,3411,17272,7166,31740,66243,63777,60378,18572,16432,13125,4849,8911,3049,16530,6727,27374,63473,61244,57679,20994,18310,15422,6761
173588,0500000US26121,"Muskegon County, Michigan",22489,7094,40064,13796,65353,138591,133524,128054,41625,36635,29441,11852,11470,3906,20992,6829,33947,68686,66199,63400,19129,16511,13396,4868,11019,3188,19072,6967,31406,69905,67325,64654,22496,20124,16045,6984
290494,0500000US26139,"Ottawa County, Michigan",40083,11759,69532,39953,120094,228847,220962,201139,59528,54133,43416,18842,20553,5732,35230,19159,59437,112230,108362,99225,27404,25000,19684,8066,19530,6027,34302,20794,60657,116617,112600,101914,32124,29133,23732,10776
353813,0500000US27003,"Anoka County, Minnesota",47771,14741,84398,27552,135866,279099,269415,257743,72491,63119,49826,19133,24509,7255,42735,14214,69348,138970,134042,127858,33960,29828,23138,8293,23262,7486,41663,13338,66518,140129,135373,129885,38531,33291,26688,10840
566880,0500000US31055,"Douglas County, Nebraska",79673,22885,145336,51529,238374,436866,421544,399579,105424,92158,73861,29271,40452,11643,74068,25562,119728,213171,205463,194256,46957,40687,32325,11749,39221,11242,71268,25967,118646,223695,216081,205323,58467,51471,41536,17522
317272,0500000US31109,"Lancaster County, Nebraska",41290,11061,72321,46860,142907,252210,244951,225995,61598,54682,43830,17115,20703,5515,36708,23165,73747,126211,122713,114309,28832,25290,19497,7066,20587,5546,35613,23695,69160,125999,122238,111686,32766,29392,24333,10049
76493,0500000US33005,"Cheshire County, New Hampshire",7838,2721,13635,9241,28846,64295,62858,58046,21503,18991,15095,6101,3954,1173,6663,4430,14163,30891,30261,28173,10096,8882,6911,2488,3884,1548,6972,4811,14683,33404,32597,29873,11407,10109,8184,3613
150972,0500000US34011,"Cumberland County, New Jersey",20328,5724,35304,12765,60779,119757,115668,109804,31962,27984,23222,9541,10249,2912,17645,6071,33802,61759,59622,56873,14341,12425,10331,4025,10079,2812,17659,6694,26977,57998,56046,52931,17621,15559,12891,5516
150056,0500000US35049,"Santa Fe County, New Mexico",15780,4852,26881,10981,49518,126083,123175,118268,48548,44337,36568,13131,7781,2385,13591,5551,24821,60552,59188,56480,21839,20498,16794,5834,7999,2467,13290,5430,24697,65531,63987,61788,26709,23839,19774,7297
332330,0500000US37051,"Cumberland County, North Carolina",44222,12888,81795,43435,151982,259386,250535,233557,57046,49839,40158,16568,22340,6521,41267,25686,79802,127507,123057,113347,24600,21313,16780,6075,21882,6367,40528,17749,72180,131879,127478,120210,32446,28526,23378,10493
141314,0500000US42075,"Lebanon County, Pennsylvania",18507,5547,32141,11427,49841,113314,109173,103636,37774,33779,27709,12543,9431,2936,16232,5570,25138,55127,52933,50159,17373,15487,12524,5014,9076,2611,15909,5857,24703,58187,56240,53477,20401,18292,15185,7529
692587,0500000US47037,"Davidson County, Tennessee",77280,20731,143599,67681,324481,562526,548988,523179,120004,105702,84450,33258,38944,10668,72638,32579,159555,268450,261616,248847,53499,46701,35515,12432,38336,10063,70961,35102,164926,294076,287372,274332,66505,59001,48935,20826
2637772,0500000US48113,"Dallas County, Texas",381708,111045,689655,251982,1161408,2022625,1948117,1848261,420518,359336,283182,110003,194798,56136,351719,127638,582295,988578,950137,898906,190577,159863,122056,43356,186910,54909,337936,124344,579113,1034047,997980,949355,229941,199473,161126,66647
337890,0500000US48167,"Galveston County, Texas",46351,13966,81756,28470,132802,265834,256134,244006,67414,58779,48735,17525,23571,7612,42305,15165,66833,129880,124444,117777,31574,27065,22367,6722,22780,6354,39451,13305,65969,135954,131690,126229,35840,31714,26368,10803
468011,0500000US51153,"Prince William County, Virginia",71603,21145,127649,40431,195282,354733,340362,322329,68129,60040,46514,17329,37120,10508,65875,21076,98276,174729,167959,158573,31208,26961,20754,7519,34483,10637,61774,19355,97006,180004,172403,163756,36921,33079,25760,9810
67846,0500000US51199,"York County, Virginia",9470,2749,16156,5805,26341,52998,51690,48958,15497,13349,11536,4439,4369,715,6828,3310,12846,25525,25067,23682,6679,5651,5063,1898,5101,2034,9328,2495,13495,27473,26623,25276,8818,7698,6473,2541
481857,0500000US53011,"Clark County, Washington",65618,19784,114789,38339,187919,380248,367068,350207,104536,92707,74468,27967,33794,10217,59503,19996,94608,185728,179458,171590,48442,42684,33838,12100,31824,9567,55286,18343,93311,194520,187610,178617,56094,50023,40630,15867
115456,0500000US55117,"Sheboygan County, Wisconsin",15092,4626,25182,9232,42046,93193,90274,86312,28484,25181,20696,8730,8117,2538,13559,4963,22040,46921,45517,43175,13733,12069,9396,3578,6975,2088,11623,4269,20006,46272,44757,43137,14751,13112,11300,5152
98976,0500000US56021,"Laramie County, Wyoming",13055,3767,23122,7837,37898,78343,75854,71912,23335,20414,16163,6411,6304,1488,11161,4159,19522,39663,38462,36228,10851,9750,7652,2788,6751,2279,11961,3678,18376,38680,37392,35684,12484,10664,8511,3623
435594,0500000US06053,"Monterey County, California",65195,18134,114103,43582,180834,333147,321491,302080,83363,74816,59491,25098,33277,8848,57676,22444,94453,169569,163335,153452,38633,34234,27073,10658,31918,9286,56427,21138,86381,163578,158156,148628,44730,40582,32418,14440
342776,0500000US08035,"Douglas County, Colorado",50994,17791,88978,25361,132656,266177,253798,243957,59505,50477,39922,14038,26194,9225,46206,13348,67115,131893,125272,119735,27804,23212,18482,6313,24800,8566,42772,12013,65541,134284,128526,124222,31701,27265,21440,7725
950181,0500000US12031,"Duval County, Florida",117974,32356,214790,83945,394063,759134,735391,699379,189068,166771,133599,51714,59956,16363,109342,42875,195732,363564,350574,331976,83282,72549,57481,20045,58018,15993,105448,41070,198331,395570,384817,367403,105786,94222,76118,31669
66100,0500000US13255,"Spalding County, Georgia",8761,3248,15812,4824,24911,51901,50288,47664,15606,14325,12014,4864,5129,1827,8398,2374,11981,24440,23483,22280,6858,6177,5302,1965,3632,1421,7414,2450,12930,27461,26805,25384,8748,8148,6712,2899
375351,0500000US18003,"Allen County, Indiana",53863,16434,96408,33338,150125,290441,278943,264906,75650,66621,54528,22063,27569,8687,49962,16491,74979,140180,134054,126741,33277,28970,23966,8757,26294,7747,46446,16847,75146,150261,144889,138165,42373,37651,30562,13306
124672,0500000US22005,"Ascension Parish, Louisiana",19165,5344,33250,9425,51600,94484,91422,86873,21340,18429,14179,4643,9898,3071,17224,4532,25886,45846,44033,41412,10020,8399,6224,1916,9267,2273,16026,4893,25714,48638,47389,45461,11320,10030,7955,2727
370963,0500000US26161,"Washtenaw County, Michigan",38209,12755,68935,69392,178004,310952,302028,269322,72194,63599,51775,20125,19649,6682,35388,35106,90983,153440,148882,133259,33159,28488,23205,8335,18560,6073,33547,34286,87021,157512,153146,136063,39035,35111,28570,11790
105630,0500000US28089,"Madison County, Mississippi",14957,4421,26401,9893,41923,81907,79229,75018,20435,17907,13758,4927,7455,2057,13260,5053,19879,38446,36859,34753,8722,7733,5880,1775,7502,2364,13141,4840,22044,43461,42370,40265,11713,10174,7878,3152
88571,0500000US29021,"Buchanan County, Missouri",10844,3035,19704,7591,33546,71345,68867,66043,21405,19089,15014,5946,5806,1532,10299,4124,17997,36272,34807,33587,9642,8867,6256,2301,5038,1503,9405,3467,15549,35073,34060,32456,11763,10222,8758,3645
291923,0500000US29077,"Greene County, Missouri",33538,9504,60958,39251,123554,237232,230965,215778,65099,58117,48313,21346,16788,4860,30028,19174,61837,113773,110904,103059,28409,25643,20888,8595,16750,4644,30930,20077,61717,123459,120061,112719,36690,32474,27425,12751
291408,0500000US34015,"Gloucester County, New Jersey",36909,11772,63477,26460,110069,234993,227931,215409,67035,56546,46579,18956,18861,5648,31451,13574,54694,112499,109236,103581,29733,24969,20171,7546,18048,6124,32026,12886,55375,122494,118695,111828,37302,31577,26408,11410
601651,0500000US34029,"Ocean County, New Jersey",78475,22957,143989,43908,193469,472770,457662,439517,178047,160867,136278,64254,40310,11500,73477,22574,97860,224035,216708,206826,78040,69973,58147,26099,38165,11457,70512,21334,95609,248735,240954,232691,100007,90894,78131,38155
558067,0500000US34039,"Union County, New Jersey",73235,22160,130521,47082,217664,441782,427546,408352,113774,99459,80253,35077,37025,11268,66201,23723,109323,213114,206071,195818,49474,42560,34072,13345,36210,10892,64320,23359,108341,228668,221475,212534,64300,56899,46181,21732
76840,0500000US36009,"Cattaraugus County, New York",9460,3197,16725,6745,27017,62371,60115,57068,20540,18474,14641,6192,4781,1611,8573,3400,13685,30550,29494,28082,9599,8632,6851,2652,4679,1586,8152,3345,13332,31821,30621,28986,10941,9842,7790,3540
742474,0500000US36055,"Monroe County, New York",86356,27295,154216,73630,290629,605945,588258,555410,182693,160356,128110,55266,43986,13891,78621,37105,143686,288153,279526,261939,82049,71235,55674,21750,42370,13404,75595,36525,146943,317792,308732,293471,100644,89121,72436,33516
102793,0500000US36109,"Tompkins County, New York",8097,2949,15467,27567,54183,89103,87326,71573,21448,19140,14209,5623,4403,1847,9209,13678,26890,43483,42256,35077,9733,8643,6380,2309,3694,1102,6258,13889,27293,45620,45070,36496,11715,10497,7829,3314
82029,0500000US37027,"Caldwell County, North Carolina",8826,3053,16489,6026,28324,68180,65540,63012,21856,19227,16043,6480,4479,1493,8777,3334,14558,34031,32703,31169,10197,8735,7203,2724,4347,1560,7712,2692,13766,34149,32837,31843,11659,10492,8840,3756
316739,0500000US37063,"Durham County, North Carolina",35294,9894,65685,31746,143898,257813,251054,236127,59884,52806,41915,16335,17975,4938,33231,15553,70093,121185,118192,110245,25493,22475,17683,6497,17319,4956,32454,16193,73805,136628,132862,125882,34391,30331,24232,9838
123248,0500000US37191,"Wayne County, North Carolina",16835,4208,29155,11480,46999,96403,94093,88518,30493,25572,20507,8329,8351,2903,15701,6123,24838,46804,45184,42049,13223,11190,8857,3214,8484,1305,13454,5357,22161,49599,48909,46469,17270,14382,11650,5115
92101,0500000US41003,"Benton County, Oregon",8208,2755,14770,21595,46215,79378,77331,67541,19806,17709,14843,5771,4463,1306,7870,11569,23909,39449,38618,33453,9149,8451,6969,2479,3745,1449,6900,10026,22306,39929,38713,34088,10657,9258,7874,3292
597695,0500000US41067,"Washington County, Oregon",77033,23773,136616,49285,256256,477488,461079,443838,114869,101004,80377,31257,39589,11999,69942,24988,129785,234190,226282,217482,51429,44867,35323,12580,37444,11774,66674,24297,126471,243298,234797,226356,63440,56137,45054,18677
64227,0500000US42025,"Carbon County, Pennsylvania",6764,2312,12232,4347,20897,53522,51995,50415,18763,15975,13384,5546,3173,1264,5962,2272,10718,26389,25588,24784,9062,7172,6061,2316,3591,1048,6270,2075,10179,27133,26407,25631,9701,8803,7323,3230
210793,0500000US42069,"Lackawanna County, Pennsylvania",24363,7686,43178,17956,75998,173285,167615,157896,58289,50191,41876,18737,12433,4060,21653,8798,37971,83228,79937,74921,26051,21978,17890,7121,11930,3626,21525,9158,38027,90057,87678,82975,32238,28213,23986,11616
169401,0500000US45003,"Aiken County, South Carolina",19799,6087,36664,14798,60620,137170,132737,125786,43948,39382,32745,13173,10366,3943,20051,7070,30824,65852,63042,58776,20272,17887,14684,5644,9433,2144,16613,7728,29796,71318,69695,67010,23676,21495,18061,7529
82299,0500000US48213,"Henderson County, Texas",10766,2376,17675,6885,27474,66409,64624,61881,25039,22179,18119,7870,5015,958,8035,3853,13628,31651,30830,29064,12017,10392,8126,3290,5751,1418,9640,3032,13846,34758,33794,32817,13022,11787,9993,4580
1152633,0500000US49035,"Salt Lake County, Utah",175440,51114,312887,110278,521628,872645,839746,794934,181422,158750,125461,48713,89079,26091,158559,56508,266961,435008,418843,393923,83921,72319,56649,20534,86361,25023,154328,53770,254667,437637,420903,401011,97501,86431,68812,28179
134238,0500000US51177,"Spotsylvania County, Virginia",18510,6449,33189,12420,52792,105190,101049,96146,27068,24781,19210,7188,9414,3321,17576,5975,26415,50816,48719,45983,11773,11004,8561,3126,9096,3128,15613,6445,26377,54374,52330,50163,15295,13777,10649,4062
81887,0500000US01051,"Elmore County, Alabama",9467,3849,18562,6532,32608,65407,63325,61214,17560,15329,12299,4749,5398,1879,9954,3307,16044,30968,30034,28932,8179,6975,5538,1857,4069,1970,8608,3225,16564,34439,33291,32282,9381,8354,6761,2892
88690,0500000US01115,"St. Clair County, Alabama",11933,3221,20437,6274,32280,70685,68253,65385,20348,18725,14760,5733,5983,2602,11113,3275,17346,35729,33820,32202,9041,8244,6620,2376,5950,619,9324,2999,14934,34956,34433,33183,11307,10481,8140,3357
127753,0500000US05131,"Sebastian County, Arkansas",17161,5390,30526,11230,49561,100912,97227,92076,27059,24056,20168,8171,8764,2809,15807,6071,25206,49352,47459,44409,12395,10923,8994,3293,8397,2581,14719,5159,24355,51560,49768,47667,14664,13133,11174,4878
139417,0500000US06055,"Napa County, California",16609,5328,28904,12751,52025,114103,110513,104515,36088,32026,26805,10949,9153,2878,15802,6264,26216,55998,53892,50788,16536,14545,12375,5088,7456,2450,13102,6487,25809,58105,56621,53727,19552,17481,14430,5861
580233,0500000US08059,"Jefferson County, Colorado",64372,20033,114518,45390,231069,478957,465715,447167,137126,118125,95519,37077,32772,10026,58260,24085,120046,236811,230356,220463,62585,54040,42948,15433,31600,10007,56258,21305,111023,242146,235359,226704,74541,64085,52571,21644
269956,0500000US12001,"Alachua County, Florida",27534,7509,48712,53880,136924,226370,221244,196814,51494,46052,37727,15057,14083,4336,25484,26078,68436,108756,105945,93715,22699,20109,16643,6278,13451,3173,23228,27802,68488,117614,115299,103099,28795,25943,21084,8779
356495,0500000US12069,"Lake County, Florida",39028,12087,68110,24305,113017,296495,288385,277982,120848,109322,95124,43754,19519,6043,34065,12441,55644,141635,137369,132410,55608,50525,43451,20265,19509,6044,34045,11864,57373,154860,151016,145572,65240,58797,51673,23489
547538,0500000US12127,"Volusia County, Florida",54148,16435,96391,44731,183202,464214,451147,430638,174806,157034,133744,58603,27578,9168,49708,24066,94212,225391,217546,206751,80338,71745,60839,25536,26570,7267,46683,20665,88990,238823,233601,223887,94468,85289,72905,33067
264461,0500000US17119,"Madison County, Illinois",32437,9923,57464,22064,99227,213551,206997,197665,63613,55872,45758,20199,16808,5231,29979,10846,49317,102619,99164,94530,28726,24588,19838,7908,15629,4692,27485,11218,49910,110932,107833,103135,34887,31284,25920,12291
146917,0500000US18105,"Monroe County, Indiana",12493,4289,22965,39702,80542,126440,123952,102517,27171,22730,19046,7689,5925,2180,11377,19798,40939,62154,60742,50357,11798,9707,8195,3106,6568,2109,11588,19904,39603,64286,63210,52160,15373,13023,10851,4583
98105,0500000US19169,"Story County, Iowa",8881,2586,16321,30359,56138,83876,81784,67493,15440,13598,11562,5031,4373,1277,8115,16794,29912,43218,42108,34182,6808,5840,5178,2085,4508,1309,8206,13565,26226,40658,39676,33311,8632,7758,6384,2946
494228,0500000US34027,"Morris County, New Jersey",58558,20801,104082,42814,178027,404878,390146,373653,119259,105001,84314,37994,29715,10006,52363,21558,89486,196442,189256,180987,53821,46895,37207,15497,28843,10795,51719,21256,88541,208436,200890,192666,65438,58106,47107,22497
229577,0500000US36065,"Oneida County, New York",28145,7759,48649,20825,83867,185887,180928,170641,59674,52222,42555,19490,13958,3795,24475,10540,43703,91921,89512,84290,26256,22756,18586,7789,14187,3964,24174,10285,40164,93966,91416,86351,33418,29466,23969,11701
117898,0500000US36075,"Oswego County, New York",13579,4683,24424,13190,45291,97154,93474,86838,26939,23360,19449,7750,6788,2385,12236,7007,23573,48995,46986,43361,12857,11212,8990,3277,6791,2298,12188,6183,21718,48159,46488,43477,14082,12148,10459,4473
179914,0500000US37147,"Pitt County, North Carolina",21211,6416,38427,30316,85051,145695,141487,128209,34346,30303,23540,9165,11013,2769,19695,13423,39152,66017,64118,58347,14261,12199,9985,3207,10198,3647,18732,16893,45899,79678,77369,69862,20085,18104,13555,5958
65256,0500000US39101,"Marion County, Ohio",7871,2332,13958,5601,24660,52627,51298,49044,15891,13776,11407,4654,4089,1246,7103,2907,13904,28285,27557,26361,7339,6386,5221,1901,3782,1086,6855,2694,10756,24342,23741,22683,8552,7390,6186,2753
130696,0500000US39173,"Wood County, Ohio",14702,4601,26382,22879,57460,107317,104314,92395,28712,24792,20051,8323,7574,2255,13264,11310,28947,52682,51193,45493,13104,11046,8950,3416,7128,2346,13118,11569,28513,54635,53121,46902,15608,13746,11101,4907
107002,0500000US41071,"Yamhill County, Oregon",13403,4203,23716,11363,43468,86169,83286,76747,25064,21878,17824,7263,7095,2030,11784,5872,22017,42383,41179,38468,11437,10079,8108,3190,6308,2173,11932,5491,21451,43786,42107,38279,13627,11799,9716,4073
420152,0500000US42011,"Berks County, Pennsylvania",52698,16844,93630,40620,157190,337231,326522,307867,98856,87689,72315,31452,26809,8375,47011,20764,79038,163911,158960,149671,45405,40365,32354,12775,25889,8469,46619,19856,78152,173320,167562,158196,53451,47324,39961,18677
97892,0500000US47155,"Sevier County, Tennessee",11154,3485,20174,7445,33990,80254,77718,74567,25549,22611,19160,7328,6309,1756,11164,3728,16941,38745,37624,36533,11803,10480,8744,3204,4845,1729,9010,3717,17049,41509,40094,38034,13746,12131,10416,4124
74808,0500000US48099,"Coryell County, Texas",9648,2575,17218,10714,36272,59586,57590,52644,10442,9185,7299,2908,5025,1129,8566,6611,18871,29227,28464,25152,4394,3901,3169,1189,4623,1446,8652,4103,17401,30359,29126,27492,6048,5284,4130,1719
138371,0500000US48367,"Parker County, Texas",19438,6285,34227,10966,50947,108544,104144,98926,29841,26685,21356,8313,9857,3062,17382,5957,25612,53436,51286,48052,13855,12509,10181,3809,9581,3223,16845,5009,25335,55108,52858,50874,15986,14176,11175,4504
98985,0500000US51121,"Montgomery County, Virginia",8086,2658,14304,28877,54426,86672,84681,68296,16914,15452,12143,4908,4257,1334,7369,16651,30021,45195,44267,34666,7500,6530,5280,2003,3829,1324,6935,12226,24405,41477,40414,33630,9414,8922,6863,2905
84460,0500000US53029,"Island County, Washington",8351,1997,14684,7402,30402,71556,69776,67690,27451,24801,20803,8130,4053,1202,7431,4354,16832,35797,34755,33629,12214,11367,9745,3715,4298,795,7253,3048,13570,35759,35021,34061,15237,13434,11058,4415
87847,0500000US55027,"Dodge County, Wisconsin",10025,3622,17381,6039,31870,72499,70466,68407,22306,18868,15571,6939,5242,1575,8743,3321,17473,37722,37104,35952,10753,8803,7030,2850,4783,2047,8638,2718,14397,34777,33362,32455,11553,10065,8541,4089
103066,0500000US55039,"Fond du Lac County, Wisconsin",11560,3880,22030,8536,36698,83684,81036,77045,26627,23221,19012,8157,5916,1954,11246,3848,18198,40564,39304,37439,12381,10667,8503,3308,5644,1926,10784,4688,18500,43120,41732,39606,14246,12554,10509,4849
754610,0500000US12071,"Lee County, Florida",74562,23646,132674,52384,235114,637646,621936,597183,268785,247414,216260,97620,38426,12346,68338,26623,118849,309187,301554,289296,127356,117834,102892,46620,36136,11300,64336,25761,116265,328459,320382,307887,141429,129580,113368,51000
708009,0500000US12105,"Polk County, Florida",88714,26943,156486,59775,263046,570169,551523,523431,185701,167462,143426,62280,45458,13914,80339,30405,131474,276828,266744,251964,86641,77155,65407,28338,43256,13029,76147,29370,131572,293341,284779,271467,99060,90307,78019,33942
209983,0500000US17019,"Champaign County, Illinois",21933,5858,39285,49691,108314,174905,170698,145316,38656,34061,26318,10649,10849,3728,20623,25977,56473,87410,84637,71574,17697,15597,11832,4049,11084,2130,18662,23714,51841,87495,86061,73742,20959,18464,14486,6600
81069,0500000US21029,"Bullitt County, Kentucky",9607,3750,17244,6542,31498,66088,63825,60852,18378,16619,13098,4882,4837,2187,9020,3504,16151,32848,31510,29465,8565,7852,6279,2193,4770,1563,8224,3038,15347,33240,32315,31387,9813,8767,6819,2689
70562,0500000US26073,"Isabella County, Michigan",6205,2156,11806,19426,36810,60286,58756,48928,13115,11738,9094,3706,2982,1152,5693,9213,18403,29378,28619,24619,5899,5275,3965,1390,3223,1004,6113,10213,18407,30908,30137,24309,7216,6463,5129,2316
75036,0500000US28035,"Forrest County, Mississippi",8395,4171,17556,12290,35425,60646,57480,51878,15053,13101,10366,4024,4748,3124,10093,5164,18457,29255,26838,24668,6753,5791,4574,1388,3647,1047,7463,7126,16968,31391,30642,27210,8300,7310,5792,2636
936692,0500000US34003,"Bergen County, New Jersey",112214,36369,198333,76224,344684,763161,738359,707879,221840,196061,160999,73507,57306,18690,101181,38622,172446,366561,353448,338107,97877,85658,69648,29170,54908,17679,97152,37602,172238,396600,384911,369772,123963,110403,91351,44337
105779,0500000US34041,"Warren County, New Jersey",11682,4404,20785,8862,36712,88103,84994,81324,27700,23851,19193,8399,5968,2245,10726,4626,18677,42974,41275,39154,12476,10924,8390,3353,5714,2159,10059,4236,18035,45129,43719,42170,15224,12927,10803,5046
102663,0500000US39003,"Allen County, Ohio",12961,4092,23083,11073,38849,82411,79580,73803,25327,22086,17930,7859,6733,2108,12045,6409,20741,41594,40077,36635,12074,10112,7934,3222,6228,1984,11038,4664,18108,40817,39503,37168,13253,11974,9996,4637
74615,0500000US39043,"Erie County, Ohio",8179,3005,15144,5479,25301,61565,59471,57698,21330,18744,16157,7005,4507,1773,8088,2733,12646,29945,28685,28030,9208,8222,7197,2918,3672,1232,7056,2746,12655,31620,30786,29668,12122,10522,8960,4087
80110,0500000US40145,"Wagoner County, Oklahoma",11531,3307,19503,6528,30021,62814,60607,57881,18293,16142,12971,4960,5818,1854,10049,3254,14978,30994,29583,28269,8454,7645,6142,2217,5713,1453,9454,3274,15043,31820,31024,29612,9839,8497,6829,2743
85234,0500000US41053,"Polk County, Oregon",10989,3635,19235,10750,34223,67658,65999,61116,20099,18471,15300,6401,5961,1525,9407,4905,16690,32183,31538,29211,9195,8307,7230,3060,5028,2110,9828,5845,17533,35475,34461,31905,10904,10164,8070,3341
277097,0500000US42043,"Dauphin County, Pennsylvania",34562,10603,62354,22544,103331,222269,214743,205249,66024,58804,46818,19841,17666,5492,32085,11686,51547,106549,102541,97468,28518,25615,20069,7597,16896,5111,30269,10858,51784,115720,112202,107781,37506,33189,26749,12244
169507,0500000US42089,"Monroe County, Pennsylvania",19368,7351,33486,17529,63457,140323,136021,128058,43294,36987,28128,11134,10117,3563,17009,9611,31813,68822,66740,63122,20841,17938,12994,4627,9251,3788,16477,7918,31644,71501,69281,64936,22453,19049,15134,6507
82542,0500000US44005,"Newport County, Rhode Island",7732,2750,13595,7331,29688,70599,68947,65392,25442,22920,18639,7914,4250,1375,7362,3832,15309,34806,34018,32616,12012,10781,8756,3339,3482,1375,6233,3499,14379,35793,34929,32776,13430,12139,9883,4575
126179,0500000US44009,"Washington County, Rhode Island",11108,4247,20408,18541,46837,108963,105771,96402,35759,32156,26155,10543,5777,2188,10537,8745,23035,52496,50847,46460,16519,14812,11795,4262,5331,2059,9871,9796,23802,56467,54924,49942,19240,17344,14360,6281
78374,0500000US45073,"Oconee County, South Carolina",9043,2845,15586,6406,25298,64322,62788,60314,24791,22216,18633,7271,4671,1270,8136,4081,13418,31235,30669,29050,11085,10201,8517,3155,4372,1575,7450,2325,11880,33087,32119,31264,13706,12015,10116,4116
163694,0500000US48187,"Guadalupe County, Texas",23514,7261,41020,14780,65342,126505,122674,114990,30896,27358,22092,8185,12520,3593,21266,8087,33004,62211,59962,55489,14370,12863,9805,3179,10994,3668,19754,6693,32338,64294,62712,59501,16526,14495,12287,5006
865939,0500000US48215,"Hidalgo County, Texas",156885,47237,281292,95259,368464,614895,584647,541888,130718,117037,96015,42512,81184,23232,144152,48527,183761,295763,281241,260056,59106,52412,42240,18075,75701,24005,137140,46732,184703,319132,303406,281832,71612,64625,53775,24437
172578,0500000US48329,"Midland County, Texas",27523,7039,49279,14589,76417,127958,123299,116557,27401,23474,18200,7804,12918,3802,24446,7094,40076,64353,61684,58916,12722,10861,8050,3316,14605,3237,24833,7495,36341,63605,61615,57641,14679,12613,10150,4488
814901,0500000US53061,"Snohomish County, Washington",102861,30078,184546,62737,330063,651542,630355,605497,162378,139020,109883,40993,52374,14715,93788,32329,169041,324602,314092,300946,74693,63776,49304,16922,50487,15363,90758,30408,161022,326940,316263,304551,87685,75244,60579,24071
948201,0500000US55079,"Milwaukee County, Wisconsin",126938,35801,227433,90759,402669,744548,720768,679838,189024,163495,128936,54426,64869,18006,115936,45602,197959,354524,343262,323753,83482,71145,55098,20664,62069,17795,111497,45157,204710,390024,377506,356085,105542,92350,73838,33762
196584,0500000US55101,"Racine County, Wisconsin",25516,7947,45350,15704,73130,157399,151234,145015,46771,39796,32401,13476,12915,4564,23413,8432,37761,77473,74064,70913,21496,18077,14395,5333,12601,3383,21937,7272,35369,79926,77170,74102,25275,21719,18006,8143
133191,0500000US72113,"Ponce Municipio, Puerto Rico",14863,4899,25672,13188,49641,110975,107519,102457,39008,35167,29386,13235,7560,2517,13111,6978,25423,52610,50832,48223,16514,14824,12619,5412,7303,2382,12561,6210,24218,58365,56687,54234,22494,20343,16767,7823
274765,0500000US06047,"Merced County, California",45732,13117,80340,31411,118046,203248,194425,178440,43607,38211,30748,13232,23121,6784,41038,16584,61180,101682,97482,89349,20049,17417,14214,5970,22611,6333,39302,14827,56866,101566,96943,89091,23558,20794,16534,7262
769545,0500000US06081,"San Mateo County, California",89595,25863,158477,55377,307111,628294,611068,588410,172134,152539,124038,54144,46368,13316,81819,28422,157963,309320,299865,287269,77527,68445,54381,22232,43227,12547,76658,26955,149148,318974,311203,301141,94607,84094,69657,31912
107610,0500000US02170,"Matanuska-Susitna Borough, Alaska",16204,5215,28861,9236,43814,82371,78749,74172,20038,16870,13051,4272,8416,2649,14835,4827,22878,42425,40646,38358,9991,8524,6475,2052,7788,2566,14026,4409,20936,39946,38103,35814,10047,8346,6576,2220
212128,0500000US04027,"Yuma County, Arizona",29781,8735,53632,23383,83963,164347,158496,149309,51270,45823,39979,20281,15364,4637,27675,13700,46359,85107,81851,76739,24063,21219,19118,9900,14417,4098,25957,9683,37604,79240,76645,72570,27207,24604,20861,10381
392680,0500000US05119,"Pulaski County, Arkansas",51306,13978,90988,33864,155556,310280,301692,286118,84878,75865,61104,23939,26138,7394,45565,17098,76285,147037,142020,133432,37385,33219,26314,9300,25168,6584,45423,16766,79271,163243,159672,152686,47493,42646,34790,14639
118121,0500000US13045,"Carroll County, Georgia",16739,4933,28077,14957,49571,93282,90044,82167,23597,20657,16788,6523,9187,2559,14818,7332,24100,45025,43419,39947,10716,9434,7753,2714,7552,2374,13259,7625,25471,48257,46625,42220,12881,11223,9035,3809
756865,0500000US13067,"Cobb County, Georgia",100051,31374,178195,67439,316826,601280,578670,548928,134462,117308,92828,34097,50353,15757,89981,34128,156289,288115,276960,261682,60168,50981,40597,13746,49698,15617,88214,33311,160537,313165,301710,287246,74294,66327,52231,20351
202148,0500000US13139,"Hall County, Georgia",28955,9220,51279,18404,78970,157289,150869,141465,41323,36086,30078,12574,14983,4805,26185,9030,39646,77350,74140,69597,18990,16643,13843,5514,13972,4415,25094,9374,39324,79939,76729,71868,22333,19443,16235,7060
79344,0500000US18085,"Kosciusko County, Indiana",11242,3192,18892,7294,29841,62008,60452,57287,18917,16859,13068,5376,6025,1597,9966,4016,15447,30389,29660,28134,8860,7752,6033,2272,5217,1595,8926,3278,14394,31619,30792,29153,10057,9107,7035,3104
180974,0500000US18163,"Vanderburgh County, Indiana",22482,5948,39195,17119,71080,146144,141779,133824,43193,37896,30123,12915,12064,3369,21034,8182,35679,69830,67271,63498,19356,16786,12909,4984,10418,2579,18161,8937,35401,76314,74508,70326,23837,21110,17214,7931
440956,0500000US22033,"East Baton Rouge Parish, Louisiana",54755,16695,100180,60200,194500,351769,340776,314184,89247,78941,62577,24670,28037,8726,50446,28694,95698,165783,160275,148265,39483,34285,26390,9234,26718,7969,49734,31506,98802,185986,180501,165919,49764,44656,36187,15436
168429,0500000US24013,"Carroll County, Maryland",20186,7691,36578,15147,60084,136522,131851,125633,39623,35162,27509,11595,10749,3759,19089,7778,30450,67218,64471,60812,18225,15946,12328,4653,9437,3932,17489,7369,29634,69304,67380,64821,21398,19216,15181,6942
103195,0500000US24045,"Wicomico County, Maryland",12720,3659,22715,15264,42950,83402,80480,72376,22059,19341,16246,6971,6174,2184,11714,6419,20677,38778,37031,33496,9790,8443,6951,2660,6546,1475,11001,8845,22273,44624,43449,38880,12269,10898,9295,4311
830839,0500000US25027,"Worcester County, Massachusetts",97949,32015,174421,80569,321641,677563,656418,619742,185807,164086,129842,53343,50091,16227,89237,40812,162223,330936,320601,301907,85323,74324,58023,21252,47858,15788,85184,39757,159418,346627,335817,317835,100484,89762,71819,32091
292735,0500000US26065,"Ingham County, Michigan",31878,10015,58406,55762,140362,242032,234329,206967,57502,50376,39816,15378,16195,4520,29369,27520,69308,116143,113094,100338,25716,22377,17536,6006,15683,5495,29037,28242,71054,125889,121235,106629,31786,27999,22280,9372
124714,0500000US34019,"Hunterdon County, New Jersey",13909,5287,24239,11182,41054,103883,100475,95880,32110,27779,23280,9151,7378,2652,12422,6256,21281,51320,49598,47089,15196,12923,10741,3761,6531,2635,11817,4926,19773,52563,50877,48791,16914,14856,12539,5390
210433,0500000US36063,"Niagara County, New York",23422,7752,42063,17262,73979,174363,168370,160231,58909,50320,39813,16779,11883,4172,21371,8982,36930,84655,81372,76914,26996,23047,17666,6552,11539,3580,20692,8280,37049,89708,86998,83317,31913,27273,22147,10227
98892,0500000US36079,"Putnam County, New York",10686,4448,19590,8458,35145,82364,79302,76070,25085,21756,17094,6660,5518,2167,10178,4610,17917,40472,39350,37725,12147,9958,7793,2790,5168,2281,9412,3848,17228,41892,39952,38345,12938,11798,9301,3870
102912,0500000US37049,"Craven County, North Carolina",13741,3344,23254,11062,38681,82120,79658,75793,26806,24112,19588,8549,6885,1755,12308,7397,21699,41434,40180,37272,12029,10806,8579,3927,6856,1589,10946,3665,16982,40686,39478,38521,14777,13306,11009,4622
143351,0500000US37151,"Randolph County, North Carolina",18115,5655,32132,10943,51260,115053,111219,106051,34536,31289,25207,10455,9046,3334,16840,5510,25790,56131,53719,51373,15107,13558,11307,4332,9069,2321,15292,5433,25470,58922,57500,54678,19429,17731,13900,6123
76931,0500000US39141,"Ross County, Ohio",8693,3405,16140,6235,28646,63009,60791,57919,18838,16755,13356,5693,4413,1505,8128,3497,15745,33262,32043,30802,8497,7569,5963,2460,4280,1900,8012,2738,12901,29747,28748,27117,10341,9186,7393,3233
792582,0500000US40109,"Oklahoma County, Oklahoma",112988,31070,203376,71419,328420,608586,589206,558530,151828,133260,108277,43965,57810,15788,104278,36272,163849,293880,283932,267694,66958,58794,47138,17382,55178,15282,99098,35147,164571,314706,305274,290836,84870,74466,61139,26583
255001,0500000US48245,"Jefferson County, Texas",34339,9391,61335,24096,104246,199452,193666,183047,52782,46086,36578,16410,17185,4786,30810,12699,56343,102614,99401,93958,23841,20617,15922,6672,17154,4605,30525,11397,47903,96838,94265,89089,28941,25469,20656,9738
307412,0500000US48303,"Lubbock County, Texas",40584,11800,73119,52357,145224,241507,234293,212108,54743,46595,37599,16123,20486,6004,37114,26787,73546,118579,114749,103656,23903,19854,16059,6328,20098,5796,36005,25570,71678,122928,119544,108452,30840,26741,21540,9795
117123,0500000US54003,"Berkeley County, West Virginia",14782,5568,27231,8948,45410,94127,89892,85686,25551,22737,17561,5861,8019,3005,14474,4207,22445,46666,44574,42429,12416,11152,8493,2716,6763,2563,12757,4741,22965,47461,45318,43257,13135,11585,9068,3145
135428,0500000US55073,"Marathon County, Wisconsin",17453,5580,30847,10979,49122,108677,104581,100465,32791,29072,23770,10324,8631,2773,15295,6057,25227,54717,52489,50309,15482,13491,11104,4335,8822,2807,15552,4922,23895,53960,52092,50156,17309,15581,12666,5989
98971,0500000US02090,"Fairbanks North Star Borough, Alaska",12852,3624,23858,11990,47750,77416,75113,69688,15628,13404,10213,2867,6720,1727,12319,7451,26655,42114,41078,37652,7865,7014,5211,1302,6132,1897,11539,4539,21095,35302,34035,32036,7763,6390,5002,1565
73657,0500000US05085,"Lonoke County, Arkansas",10984,3491,19045,5447,28942,56820,54612,52949,14097,12028,9757,3926,5369,1862,9834,2959,14591,27311,26365,25379,6777,5590,4296,1471,5615,1629,9211,2488,14351,29509,28247,27570,7320,6438,5461,2455
1666753,0500000US06001,"Alameda County, California",190834,54903,342511,138017,723283,1361098,1324242,1266435,326369,286760,230510,93768,97600,28042,175317,68944,362789,664521,644862,615618,147022,126964,101082,38224,93234,26861,167194,69073,360494,696577,679380,650817,179347,159796,129428,55544
499942,0500000US06097,"Sonoma County, California",56225,17441,98257,40808,184531,413471,401685,382511,134385,118728,98030,37808,28611,9231,49966,21255,93573,200097,193986,184252,61093,53220,43522,15570,27614,8210,48291,19553,90958,213374,207699,198259,73292,65508,54508,22238
220408,0500000US06113,"Yolo County, California",25649,8367,46898,45713,108767,178782,173510,147247,38255,33631,27177,11413,13095,4395,23476,20508,53274,86555,83532,71020,17277,14985,12244,4917,12554,3972,23422,25205,55493,92227,89978,76227,20978,18646,14933,6496
117027,0500000US09015,"Windham County, Connecticut",13136,4663,22740,12233,46375,98186,94287,88224,27796,23862,18926,7889,6024,2245,10661,6258,23736,48100,46143,42881,12531,11011,8512,3297,7112,2418,12079,5975,22639,50086,48144,45343,15265,12851,10414,4592
1951260,0500000US12011,"Broward County, Florida",229188,70224,412226,155671,748846,1585729,1539034,1476969,451231,395180,324525,143391,115744,35898,209392,80507,373722,765854,741462,708559,204080,176657,142626,59021,113444,34326,202834,75164,375124,819875,797572,768410,247151,218523,181899,84370
177499,0500000US20177,"Shawnee County, Kansas",23902,7361,41948,15249,65767,140069,135551,128489,45542,40744,32776,13441,12151,4054,21756,7778,32848,67123,64700,60949,20094,18474,14717,5238,11751,3307,20192,7471,32919,72946,70851,67540,25448,22270,18059,8203
323780,0500000US21067,"Fayette County, Kentucky",37566,10346,67494,45087,147691,262377,256286,237020,61241,54333,42959,17444,19109,5347,34595,21717,74010,126749,123563,114793,26358,23564,18332,6899,18457,4999,32899,23370,73681,135628,132723,122227,34883,30769,24627,10545
242922,0500000US22017,"Caddo Parish, Louisiana",32686,9264,57735,20271,92375,191124,185187,175844,57613,50596,41620,17581,16597,4543,29061,10060,44693,88507,85710,80686,25140,21273,17385,6722,16089,4721,28674,10211,47682,102617,99477,95158,32473,29323,24235,10859
130562,0500000US22079,"Rapides Parish, Louisiana",17844,5367,32043,10885,50027,102162,98519,93014,29525,26497,21274,8749,9172,2851,16663,5719,25013,48987,47125,44494,13875,11824,9279,3334,8672,2516,15380,5166,25014,53175,51394,48520,15650,14673,11995,5415
159337,0500000US26147,"St. Clair County, Michigan",17953,6805,33130,11965,54560,130845,126207,122049,42683,38085,30013,12171,9424,3802,17437,6288,28107,64895,62143,59948,20001,17330,13900,5083,8529,3003,15693,5677,26453,65950,64064,62101,22682,20755,16113,7088
136349,0500000US27171,"Wright County, Minnesota",22052,6398,37831,10282,51602,103509,98518,94025,24127,21730,17122,6907,11746,3426,20265,5319,26301,51814,49245,46509,11952,10391,7964,3113,10306,2972,17566,4963,25301,51695,49273,47516,12175,11339,9158,3794
700307,0500000US29095,"Jackson County, Missouri",92016,26672,165105,57294,282520,554008,535202,512238,149279,130544,104740,43782,46716,13456,83623,28600,138878,264204,254552,243076,65552,57108,44666,17160,45300,13216,81482,28694,143642,289804,280650,269162,83727,73436,60074,26622
63227,0500000US36051,"Livingston County, New York",6234,2288,11279,9037,24914,53188,51948,46903,15988,14244,11117,4655,3238,1030,5752,4235,12906,27078,26276,24164,7837,6893,5125,1959,2996,1258,5527,4802,12008,26110,25672,22739,8151,7351,5992,2696
1481093,0500000US36103,"Suffolk County, New York",174327,59442,313018,133921,542823,1208636,1168075,1112028,350879,307579,250082,109614,89136,30397,159844,68732,277313,590428,569935,540118,159441,138806,109628,44300,85191,29045,153174,65189,265510,618208,598140,571910,191438,168773,140454,65314
281669,0500000US40027,"Cleveland County, Oklahoma",34812,10673,60611,37308,130795,228067,221058,203243,50924,45186,37308,14585,17661,5296,30668,20034,66860,112547,109480,100722,23315,20697,16839,5841,17151,5377,29943,17274,63935,115520,111578,102521,27609,24489,20469,8744
68362,0500000US40101,"Muskogee County, Oklahoma",9287,3035,16640,6190,25977,53667,51722,49096,15309,13656,11320,5064,4907,1403,8518,3408,12900,25592,24831,23247,7091,6206,4956,1994,4380,1632,8122,2782,13077,28075,26891,25849,8218,7450,6364,3070
67653,0500000US41035,"Klamath County, Oregon",8448,2708,14986,5731,24151,53848,52667,49714,20129,17303,14610,5636,4330,1214,7574,2929,11936,26734,26145,24356,9899,8351,7045,2556,4118,1494,7412,2802,12215,27114,26522,25358,10230,8952,7565,3080
1584138,0500000US42101,"Philadelphia County, Pennsylvania",188323,51527,344091,156776,709576,1274089,1240047,1173058,307503,268427,215755,91760,95487,26266,175208,76546,344137,592313,574809,543307,127833,109313,86658,33200,92836,25261,168883,80230,365439,681776,665238,629751,179670,159114,129097,58560
405905,0500000US45019,"Charleston County, South Carolina",44298,12065,79975,35781,170210,334068,325930,311279,89296,80400,66098,24908,23088,6522,41090,18521,84990,159674,155328,147311,40045,35344,28942,10223,21210,5543,38885,17260,85220,174394,170602,163968,49251,45056,37156,14685
70741,0500000US45047,"Greenwood County, South Carolina",8271,3318,15422,7588,27101,58090,55319,52031,17252,15187,12995,6104,4228,1779,7208,3801,13077,26766,25296,23761,7428,6350,5590,2656,4043,1539,8214,3787,14024,31324,30023,28270,9824,8837,7405,3448
78843,0500000US47141,"Putnam County, Tennessee",8577,3385,16043,11161,34406,64499,62800,57820,18733,16000,13201,5877,3837,1796,7545,6334,18098,32264,31143,28155,8416,7208,5829,2482,4740,1589,8498,4827,16308,32235,31657,29665,10317,8792,7372,3395
128622,0500000US48257,"Kaufman County, Texas",20107,6390,35781,10832,53509,96709,92841,87714,23275,20414,15025,5856,10046,2807,17265,5332,26452,46821,45251,42616,11136,9321,7098,2693,10061,3583,18516,5500,27057,49888,47590,45098,12139,11093,7927,3163
136271,0500000US48381,"Randall County, Texas",18384,5564,32494,13953,55609,107027,103777,97349,29047,25180,20619,8658,9378,2972,16724,7403,28208,52287,50556,47842,12688,11300,9027,3454,9006,2592,15770,6550,27401,54740,53221,49507,16359,13880,11592,5204
79074,0500000US55071,"Manitowoc County, Wisconsin",9222,2939,16065,5511,26269,64781,63009,60542,22378,19759,15941,7054,4972,1401,8438,2803,13508,32350,31513,30131,10253,9071,7328,2895,4250,1538,7627,2708,12761,32431,31496,30411,12125,10688,8613,4159
171020,0500000US55139,"Winnebago County, Wisconsin",19546,6048,34900,20171,69136,140227,136120,127641,38325,33963,27997,12199,9557,2925,17477,10088,36326,70982,68833,64780,17362,15377,12508,4870,9989,3123,17423,10083,32810,69245,67287,62861,20963,18586,15489,7329
147661,0500000US72031,"Carolina Municipio, Puerto Rico",15036,5462,26204,13921,55698,125257,121457,115544,43346,39412,33410,16369,7541,2775,13179,6934,26768,56446,54263,51382,17503,15207,13400,6440,7495,2687,13025,6987,28930,68811,67194,64162,25843,24205,20010,9929
96109,0500000US01095,"Marshall County, Alabama",13213,3897,23959,7839,34630,74664,72150,68992,22771,19929,16487,7143,6866,2079,12058,4278,17853,36572,35180,33841,9833,8899,7026,2856,6347,1818,11901,3561,16777,38092,36970,35151,12938,11030,9461,4287
110445,0500000US04017,"Navajo County, Arizona",16883,4709,29343,9031,38776,83803,81102,76702,27600,23563,20162,8036,8601,2319,14768,4493,20229,41621,40247,38377,12873,10887,9481,3699,8282,2390,14575,4538,18547,42182,40855,38325,14727,12676,10681,4337
465861,0500000US06107,"Tulare County, California",83923,23568,142990,47651,195726,339624,322871,301262,76689,66605,52622,21587,43560,12243,74287,24354,99718,169103,160035,149140,36059,30418,23626,9121,40363,11325,68703,23297,96008,170521,162836,152122,40630,36187,28996,12466
153207,0500000US08077,"Mesa County, Colorado",19537,5693,33709,14826,57611,123093,119498,112091,38857,34854,28801,12276,9841,2835,17029,7059,29324,59515,57865,54411,17983,16621,13200,5257,9696,2858,16680,7767,28287,63578,61633,57680,20874,18233,15601,7019
943823,0500000US09001,"Fairfield County, Connecticut",120689,39527,211990,86019,350499,758754,731833,695465,213405,187586,149824,67801,61253,20290,108034,43744,175968,365489,351628,333081,96987,84838,64953,26886,59436,19237,103956,42275,174531,393265,380205,362384,116418,102748,84871,40915
85832,0500000US12089,"Nassau County, Florida",10299,2956,17088,4894,27775,71032,68744,66433,24966,22574,18787,7216,5407,1596,9022,2585,14240,34798,33676,32212,12056,10481,9087,3617,4892,1360,8066,2309,13535,36234,35068,34221,12910,12093,9700,3599
261059,0500000US17163,"St. Clair County, Illinois",34569,10362,61162,20732,99115,206632,199897,191307,60062,52062,40953,17256,17950,5884,32190,10645,49112,98732,94762,89807,26056,22586,17572,6579,16619,4478,28972,10087,50003,107900,105135,101500,34006,29476,23381,10677
114772,0500000US18035,"Delaware County, Indiana",11643,3761,21430,22581,50578,95928,93342,82846,26512,24283,19931,8926,6283,1921,11327,11269,24984,45376,44035,38968,11417,10028,8329,3472,5360,1840,10103,11312,25594,50552,49307,43878,15095,14255,11602,5454
110007,0500000US18091,"LaPorte County, Indiana",13144,3774,23422,8769,40965,89123,86585,83001,26760,23978,19676,7734,7435,2020,13199,4660,22977,46285,44997,43478,12279,10796,8822,3201,5709,1754,10223,4109,17988,42838,41588,39523,14481,13182,10854,4533
129641,0500000US18095,"Madison County, Indiana",16046,4687,28037,11236,48158,105105,101604,96758,32428,29730,23638,9941,8107,2453,13936,5749,25377,52019,50275,47784,14598,13185,10461,3983,7939,2234,14101,5487,22781,53086,51329,48974,17830,16545,13177,5958
166051,0500000US21117,"Kenton County, Kentucky",22112,5608,39370,14316,66059,130378,126681,120602,34304,30243,24028,9123,10604,3047,19996,7811,33510,63648,61781,58754,15223,13388,10465,3575,11508,2561,19374,6505,32549,66730,64900,61848,19081,16855,13563,5548
242782,0500000US22055,"Lafayette Parish, Louisiana",31222,9269,57348,24580,103171,191441,185434,175183,45018,39820,31864,12377,15775,5036,28955,12919,52059,92663,88835,83696,20187,17265,13795,4718,15447,4233,28393,11661,51112,98778,96599,91487,24831,22555,18069,7659
161503,0500000US24017,"Charles County, Maryland",21193,7242,38138,14945,63187,128614,123365,117872,30961,25942,19917,7711,10793,3583,19326,7508,30770,60745,58179,55035,13939,11918,8720,3223,10400,3659,18812,7437,32417,67869,65186,62837,17022,14024,11197,4488
264870,0500000US26077,"Kalamazoo County, Michigan",32458,9224,57284,41288,117128,213929,207586,190325,55603,49226,39828,16154,16650,5157,30254,20360,59372,104367,100716,91845,24699,22006,17468,6431,15808,4067,27030,20928,57756,109562,106870,98480,30904,27220,22360,9723
156277,0500000US27109,"Olmsted County, Minnesota",20552,6677,38257,11895,61272,122687,118020,112927,32853,28758,24295,11096,10695,3662,19587,5711,30772,59408,56932,54441,14825,12958,10667,4543,9857,3015,18670,6184,30500,63279,61088,58486,18028,15800,13628,6553
96036,0500000US27141,"Sherburne County, Minnesota",14118,4187,25172,7998,39110,73994,70864,67037,14992,13370,10593,3953,7119,2095,12536,4873,21203,38547,36935,34768,7292,6274,4880,1633,6999,2092,12636,3125,17907,35447,33929,32269,7700,7096,5713,2320
92560,0500000US34009,"Cape May County, New Jersey",7757,2911,14739,6735,28714,79952,77821,75621,32273,28774,24068,10483,4057,1604,7818,4042,15600,39377,38117,36599,14797,13090,10931,4555,3700,1307,6921,2693,13114,40575,39704,39022,17476,15684,13137,5928
125043,0500000US35045,"San Juan County, New Mexico",18913,5652,32938,10456,49217,96348,92105,86854,26624,23199,19101,7871,9469,2525,16295,5562,24683,47629,45384,42487,12711,11000,8759,3509,9444,3127,16643,4894,24534,48719,46721,44367,13913,12199,10342,4362
108047,0500000US36089,"St. Lawrence County, New York",12405,3854,21600,14956,42774,89174,86447,77494,25695,22410,18468,7737,6524,2004,11232,8371,23096,45820,44394,39637,12100,10482,8486,3251,5881,1850,10368,6585,19678,43354,42053,37857,13595,11928,9982,4486
533670,0500000US37081,"Guilford County, North Carolina",66543,20894,119037,57836,217681,427824,414633,383724,113925,100298,80474,32855,33591,10479,60334,27319,103364,199068,192451,178543,50112,43363,34298,12917,32952,10415,58703,30517,114317,228756,222182,205181,63813,56935,46176,19938
429899,0500000US39095,"Lucas County, Ohio",55274,16251,98562,39233,165232,341537,331337,314173,98624,86063,70209,28777,28350,8345,50698,20105,81949,162905,157753,148606,43134,37918,30482,11194,26924,7906,47864,19128,83283,178632,173584,165567,55490,48145,39727,17583
648360,0500000US40143,"Tulsa County, Oklahoma",91342,26387,164041,57123,262122,501470,484319,459749,131100,114780,93319,37643,46573,13515,83998,28759,130604,241217,232402,220188,57987,49890,40125,14702,44769,12872,80043,28364,131518,260253,251917,239561,73113,64890,53194,22941
163861,0500000US44003,"Kent County, Rhode Island",17088,6036,30876,12301,58732,137970,132985,129327,44632,38494,30919,13211,9420,3190,16645,6391,29272,66135,63376,61578,20040,16935,13153,5002,7668,2846,14231,5910,29460,71835,69609,67749,24592,21559,17766,8209
370200,0500000US48039,"Brazoria County, Texas",55959,16351,97974,32076,154380,283483,272226,258647,62577,54823,43656,15732,28387,8788,50344,16137,79306,142232,136673,130900,29709,26451,19992,6936,27572,7563,47630,15939,75074,141251,135553,127747,32868,28372,23664,8796
566719,0500000US48491,"Williamson County, Texas",83481,25078,145367,44984,241847,438217,421352,401964,96359,86076,68659,25582,42932,12581,74518,22820,120117,212512,204366,195029,43734,38469,30334,10755,40549,12497,70849,22164,121730,225705,216986,206935,52625,47607,38325,14827
65507,0500000US53045,"Mason County, Washington",7466,1852,12538,5681,21505,54199,52969,50607,19559,17595,14862,5517,3944,1026,6073,3147,11822,28290,27490,26263,9137,7893,6998,2488,3522,826,6465,2534,9683,25909,25479,24344,10422,9702,7864,3029
163129,0500000US55105,"Rock County, Wisconsin",20908,6666,37426,14754,60859,130594,125703,119498,37580,33027,27151,11335,11322,3210,20050,7897,30566,63357,60867,57500,16542,14449,11888,4610,9586,3456,17376,6857,30293,67237,64836,61998,21038,18578,15263,6725
71986,0500000US72097,"Mayagüez Municipio, Puerto Rico",7023,2608,12186,11006,28390,61443,59800,54546,22335,20746,17503,8692,3583,1359,6272,5819,14593,28931,28087,25545,8916,8322,7190,3361,3440,1249,5914,5187,13797,32512,31713,29001,13419,12424,10313,5331
99696,0500000US06057,"Nevada County, California",10476,2672,17079,5111,29157,84536,82617,80575,36584,33053,27746,10253,5231,1343,8779,2698,15259,41080,40029,38743,17132,15149,12775,4569,5245,1329,8300,2413,13898,43456,42588,41832,19452,17904,14971,5684
216072,0500000US12019,"Clay County, Florida",29986,8807,50354,17198,80372,171552,165718,157982,47841,43022,34752,12144,16055,5234,27182,9272,41267,84518,80882,76825,22591,20100,15952,5378,13931,3573,23172,7926,39105,87034,84836,81157,25250,22922,18800,6766
105424,0500000US12055,"Highlands County, Florida",10475,3576,18396,7369,29952,89467,87028,82549,45206,41736,37245,19857,4731,2105,8674,4515,15628,43631,42189,39499,21540,20132,17741,9669,5744,1471,9722,2854,14324,45836,44839,43050,23666,21604,19504,10188
71375,0500000US12131,"Walton County, Florida",8559,2458,14377,5451,24297,58985,56998,55005,19921,17904,14517,5347,4128,1108,6821,3138,12469,N,27813,26553,9495,8352,6975,2463,4431,1350,7556,2313,11828,N,29185,28452,10426,9552,7542,2884
167218,0500000US15009,"Maui County, Hawaii",20515,5883,36038,11697,60809,134611,131180,126296,42244,38045,30492,11827,10655,2985,17054,5999,30925,66802,65228,62729,19991,17605,14319,4977,9860,2898,18984,5698,29884,67809,65952,63567,22253,20440,16173,6850
293557,0500000US23005,"Cumberland County, Maine",30907,10090,54503,24075,111397,245989,239054,229766,74565,67396,53973,21941,16003,5433,28526,12045,56337,118092,114312,109692,34046,30425,23641,8791,14904,4657,25977,12030,55060,127897,124742,120074,40519,36971,30332,13150
309176,0500000US33015,"Rockingham County, New Hampshire",34500,11828,60249,22238,106873,256291,248927,239859,79192,69121,55401,21628,17304,6096,30757,11800,54379,125909,122208,117370,37063,32600,25488,9111,17196,5732,29492,10438,52494,130382,126719,122489,42129,36521,29913,12517
72290,0500000US35031,"McKinley County, New Mexico",12262,3888,20836,7149,29519,54398,51454,47917,14676,11833,9281,4288,6798,1987,10609,3315,14212,25460,23916,22145,5826,4635,3573,1586,5464,1901,10227,3834,15307,28938,27538,25772,8850,7198,5708,2702
77145,0500000US36011,"Cayuga County, New York",8506,2807,15264,5812,28186,63827,61881,59126,19699,17475,14322,6084,4486,1420,7945,3055,15305,32832,31819,30456,9441,8150,6663,2551,4020,1387,7319,2757,12881,30995,30062,28670,10258,9325,7659,3533
2582830,0500000US36047,"Kings County, New York",314729,86998,588823,208684,1130559,2050989,1994007,1915350,499818,441486,358797,154740,160493,44028,300639,101146,548695,951427,922639,882766,208386,182969,146753,58087,154236,42970,288184,107538,581864,1099562,1071368,1032584,291432,258517,212044,96653
116748,0500000US37089,"Henderson County, North Carolina",12866,4356,22053,7818,34748,97547,94695,90703,38616,34899,30339,13477,8070,1703,12135,3940,16037,45193,44195,42456,17076,15208,13109,5655,4796,2653,9918,3878,18711,52354,50500,48247,21540,19691,17230,7822
167995,0500000US39057,"Greene County, Ohio",19196,6411,34891,20398,68185,137609,133104,123073,40333,35219,29059,12036,10124,3111,17898,10309,34087,67238,65097,59705,18202,16109,12975,4835,9072,3300,16993,10089,34098,70371,68007,63368,22131,19110,16084,7201
121099,0500000US39139,"Richland County, Ohio",14397,4367,25845,9139,43118,98254,95254,91269,31379,28400,23735,11121,7438,2487,12885,5064,23959,49778,48078,46303,13925,12216,10061,4242,6959,1880,12960,4075,19159,48476,47176,44966,17454,16184,13674,6879
87393,0500000US41033,"Josephine County, Oregon",9414,3147,16840,4892,27043,72746,70553,68004,29992,26788,22863,9561,4879,1642,9050,2575,13902,35247,34244,32925,13976,12684,10782,4281,4535,1505,7790,2317,13141,37499,36309,35079,16016,14104,12081,5280
164742,0500000US42007,"Beaver County, Pennsylvania",17757,5358,31834,11440,54275,136746,132908,128241,47638,42645,35619,15845,8952,2602,15811,6045,27631,65975,64245,61740,21811,19115,15529,6291,8805,2756,16023,5395,26644,70771,68663,66501,25827,23530,20090,9554
65456,0500000US42037,"Columbia County, Pennsylvania",6217,1938,11380,10582,25860,55419,54076,49499,17477,15441,12712,5448,3102,996,5916,4865,12767,26552,25849,23644,8052,6942,5599,2167,3115,942,5464,5717,13093,28867,28227,25855,9425,8499,7113,3281
66802,0500000US45031,"Darlington County, South Carolina",9328,2691,14925,7513,24680,53865,51877,48256,18369,16720,12640,4856,5465,1431,8970,3762,12490,25379,24179,22401,8005,7412,5437,1795,3863,1260,5955,3751,12190,28486,27698,25855,10364,9308,7203,3061
414576,0500000US45079,"Richland County, South Carolina",49188,15379,88465,65441,192981,336306,326111,295206,75445,66753,52878,19684,24916,8169,44950,34315,96687,160909,155742,138683,32236,28176,22437,7580,24272,7210,43515,31126,96294,175397,170369,156523,43209,38577,30441,12104
787858,0500000US48157,"Fort Bend County, Texas",123299,38062,215824,64909,318238,597161,572034,542149,130727,114558,87280,29367,63046,19340,109905,33055,155278,290712,276774,261364,61206,53046,39989,12677,60253,18722,105919,31854,162960,306449,295260,280785,69521,61512,47291,16690
133991,0500000US48181,"Grayson County, Texas",17759,5484,31346,12126,49814,106706,102645,97051,31365,28131,23606,9581,9524,2748,16283,6188,25014,50761,48839,46242,13877,12753,10284,3912,8235,2736,15063,5938,24800,55945,53806,50809,17488,15378,13322,5669
118189,0500000US48451,"Tom Green County, Texas",15974,4168,28181,14306,50505,92523,90008,82802,24528,21973,17887,6894,8390,2180,14685,7534,26495,46199,44766,40724,11377,10210,8196,2875,7584,1988,13496,6772,24010,46324,45242,42078,13151,11763,9691,4019
78747,0500000US51019,"Bedford County, Virginia",8803,3358,15719,5795,25130,65596,63028,60630,23433,20729,16691,6771,4447,1668,7968,2940,12467,31864,30637,29130,11134,9780,7770,2906,4356,1690,7751,2855,12663,33732,32391,31500,12299,10949,8921,3865
94347,0500000US53021,"Franklin County, Washington",17956,4565,30919,8582,41246,66706,63428,59248,13455,11826,9167,3476,8768,2334,15495,4541,21823,35116,33379,31629,7055,6072,4754,1628,9188,2231,15424,4041,19423,31590,30049,27619,6400,5754,4413,1848
97331,0500000US53025,"Grant County, Washington",16563,4380,28290,9399,39095,71819,69041,64887,19409,18097,14081,5337,8483,2189,14311,5002,20279,36533,35478,33702,9805,9130,7358,2410,8080,2191,13979,4397,18816,35286,33563,31185,9604,8967,6723,2927
89694,0500000US55109,"St. Croix County, Wisconsin",13043,4274,22503,6676,33293,70084,67191,64433,17626,15332,12492,4760,6519,2176,11252,3253,16685,34544,33077,31678,8583,7034,5873,2034,6524,2098,11251,3423,16608,35540,34114,32755,9043,8298,6619,2726
124806,0500000US05045,"Faulkner County, Arkansas",16525,4918,28872,18895,57042,99063,95934,87833,22799,19812,15720,5805,8351,1990,14431,9033,27657,46894,46145,42296,10292,8738,6896,2373,8174,2928,14441,9862,29385,52169,49789,45537,12507,11074,8824,3432
994400,0500000US06019,"Fresno County, California",159937,44597,281820,97693,422138,741706,712580,670386,169961,148527,121540,50538,81978,22291,143722,49770,214722,366882,352228,330925,78005,67625,54349,20936,77959,22306,138098,47923,207416,374824,360352,339461,91956,80902,67191,29602
326078,0500000US08013,"Boulder County, Colorado",36082,11580,62140,47775,145921,271260,263938,241841,67916,58643,46033,17287,18098,5826,31129,24557,76051,136421,132492,121607,30982,26853,21161,7163,17984,5754,31011,23218,69870,134839,131446,120234,36934,31790,24872,10124
713856,0500000US08041,"El Paso County, Colorado",95728,28093,172062,77649,311095,560356,541794,511545,130886,114214,91397,34436,48769,14208,87699,43762,164637,283069,273053,256264,59380,50862,41044,14042,46959,13885,84363,33887,146458,277287,268741,255281,71506,63352,50353,20394
184998,0500000US12015,"Charlotte County, Florida",12046,4018,22207,9871,40081,165477,162791,157562,91878,85186,74321,34983,5812,2191,11725,5850,20504,79679,78415,75699,43934,40469,35863,17266,6234,1827,10482,4021,19577,85798,84376,81863,47944,44717,38458,17717
1436888,0500000US12057,"Hillsborough County, Florida",181288,53679,323828,128606,597502,1151547,1113060,1058836,287770,253118,205808,83133,93110,27328,166145,64658,296569,556825,536663,509169,127429,112114,90655,34267,88178,26351,157683,63948,300933,594722,576397,549667,160341,141004,115153,48866
77781,0500000US18043,"Floyd County, Indiana",9661,3468,17558,6452,29838,62381,60223,57348,17513,15636,12434,4885,4808,1661,8591,3293,14902,30015,29053,27705,7784,6921,5219,1920,4853,1807,8967,3159,14936,32366,31170,29643,9729,8715,7215,2965
110356,0500000US21093,"Hardin County, Kentucky",15679,4363,27112,10233,43509,86188,83244,79326,23125,19360,15845,6505,8160,2371,14609,6078,22721,42885,41209,38999,10232,8650,6850,2490,7519,1992,12503,4155,20788,43303,42035,40327,12893,10710,8995,4015
391006,0500000US22071,"Orleans Parish, Louisiana",42731,12390,78124,33611,169056,320960,312882,296820,82084,72993,57532,21716,21606,6154,39548,16099,80231,149403,145707,138642,35863,31210,24734,8629,21125,6236,38576,17512,88825,171557,167175,158178,46221,41783,32798,13087
67111,0500000US23003,"Aroostook County, Maine",6844,2313,12567,4921,20347,56592,54544,52402,22370,20089,16193,6948,3291,1343,6237,2469,10512,27839,26630,25531,10632,9439,7423,2850,3553,970,6330,2452,9835,28753,27914,26871,11738,10650,8770,4098
828431,0500000US24005,"Baltimore County, Maryland",100003,29964,178822,72508,317767,668802,649609,616193,199558,176888,142542,62928,50906,15332,91088,35864,154208,311715,301648,284696,86886,76027,59856,23854,49097,14632,87734,36644,163559,357087,347961,331497,112672,100861,82686,39074
150926,0500000US24043,"Washington County, Maryland",18942,5724,32970,12259,56653,121988,117956,112556,37207,31559,26066,11454,9996,3121,18026,6434,30809,62019,59894,57215,16807,13918,11364,4572,8946,2603,14944,5825,25844,59969,58062,55341,20400,17641,14702,6882
1259201,0500000US26125,"Oakland County, Michigan",146121,48957,264031,102171,475951,1028049,995170,953484,300804,262825,211586,86779,74407,25027,134892,52624,242171,497861,481945,460751,133784,115768,92675,34960,71714,23930,129139,49547,233780,530188,513225,492733,167020,147057,118911,51819
265429,0500000US34001,"Atlantic County, New Jersey",32043,10029,56422,26053,95277,216076,209007,198739,65593,58152,47558,20202,17353,4970,29683,12500,47368,103489,99950,94850,29138,25868,21163,8336,14690,5059,26739,13553,47909,112587,109057,103889,36455,32284,26395,11866
829685,0500000US34023,"Middlesex County, New Jersey",100776,31246,179932,76892,334829,670392,649753,611906,174848,152996,124138,53106,51430,16008,91974,39106,170151,328755,317810,299433,78948,68069,54138,21146,49346,15238,87958,37786,164678,341637,331943,312473,95900,84927,70000,31960
140799,0500000US34037,"Sussex County, New Jersey",15500,5820,28019,11652,49000,116864,112780,107965,35601,30069,23676,9063,7827,3038,14527,5737,25077,57879,55659,53359,17404,14876,11142,3982,7673,2782,13492,5915,23923,58985,57121,54606,18197,15193,12534,5081
64689,0500000US35005,"Chaves County, New Mexico",9347,3045,16484,6124,24822,50308,48205,45166,15317,13095,10830,4925,4796,1604,8770,3140,12541,24633,23484,22065,7198,6213,5033,2392,4551,1441,7714,2984,12281,25675,24721,23101,8119,6882,5797,2533
217522,0500000US35013,"Doña Ana County, New Mexico",30571,8056,52231,31044,91541,170868,165291,153538,46611,42862,34786,14935,15216,4191,26272,15421,46342,83239,80691,75585,22093,20094,16362,6538,15355,3865,25959,15623,45199,87629,84600,77953,24518,22768,18424,8397
476179,0500000US36085,"Richmond County, New York",58224,18400,104037,39491,182096,384432,372142,356111,110711,98085,77054,31071,29930,9437,53302,20011,90931,183897,177463,169161,49137,42899,33233,11950,28294,8963,50735,19480,91165,200535,194679,186950,61574,55186,43821,19121
543557,0500000US42071,"Lancaster County, Pennsylvania",71223,21261,127711,49076,202684,430023,415846,392647,133044,119696,98751,45483,36167,10932,65164,24437,101388,207608,200562,189591,60316,53591,43795,18632,35056,10329,62547,24639,101296,222415,215284,203056,72728,66105,54956,26851
142067,0500000US42107,"Schuylkill County, Pennsylvania",16111,5326,28190,9434,48969,117900,113877,110350,39214,35236,28879,12636,8401,2885,14701,5077,27191,60961,58635,56710,17741,15630,12873,4988,7710,2441,13489,4357,21778,56939,55242,53640,21473,19606,16006,7648
350611,0500000US42129,"Westmoreland County, Pennsylvania",36526,12055,64119,25391,112745,294601,286492,275874,108895,97526,79436,35362,18599,6396,32808,13011,57709,143271,139051,133648,48343,43625,34925,14126,17927,5659,31311,12380,55036,151330,147441,142226,60552,53901,44511,21236
313888,0500000US45083,"Spartanburg County, South Carolina",42437,12262,72372,29554,121319,248960,241516,228128,70165,60765,50178,20253,20355,6255,35802,14776,59653,119874,115280,108893,31339,26753,21843,8134,22082,6007,36570,14778,61666,129086,126236,119235,38826,34012,28335,12119
590925,0500000US48339,"Montgomery County, Texas",88675,26679,155734,48402,231510,452956,435191,414045,109427,95049,78414,29122,45174,14324,80924,25492,116649,223881,213475,202841,51389,43112,35128,12392,43501,12355,74810,22910,114861,229075,221716,211204,58038,51937,43286,16730
329261,0500000US51087,"Henrico County, Virginia",41861,12930,74468,26387,129609,262611,254793,244345,72311,64607,51563,21333,21293,6242,38107,13816,62930,122447,118461,112716,29972,26372,21587,8011,20568,6688,36361,12571,66679,140164,136332,131629,42339,38235,29976,13322
228783,0500000US51760,"Richmond city, Virginia",20387,6141,39707,27950,112434,193398,189076,176364,43488,38011,30213,11931,9878,3048,19556,13086,54811,90497,88173,82285,18237,15730,12292,4421,10509,3093,20151,14864,57623,102901,100903,94079,25251,22281,17921,7510
104534,0500000US55035,"Eau Claire County, Wisconsin",11497,3469,20982,18420,46865,86017,83552,76485,22432,20247,16689,6923,6065,1897,11122,9048,23722,42302,40979,37793,10314,8880,7513,2848,5432,1572,9860,9372,23143,43715,42573,38692,12118,11367,9176,4075
118230,0500000US55063,"La Crosse County, Wisconsin",13072,4050,23383,18860,50909,97241,94847,86734,26891,23813,19122,8377,6523,2154,11680,9019,25245,46747,45528,41686,11941,10344,8531,3380,6549,1896,11703,9841,25664,50494,49319,45048,14950,13469,10591,4997
218022,0500000US01003,"Baldwin County, Alabama",27538,8740,47156,15175,73403,176222,170866,163886,59517,53676,44443,17291,14545,4481,24391,7025,35698,84020,81046,77653,27487,25163,20457,7751,12993,4259,22765,8150,37705,92202,89820,86233,32030,28513,23986,9540
121421,0500000US05125,"Saline County, Arkansas",15787,5250,28207,9660,46319,96973,93214,88419,28369,25563,21793,9043,7536,2917,14248,5017,23257,47741,45289,42153,12889,11493,9991,4069,8251,2333,13959,4643,23062,49232,47925,46266,15480,14070,11802,4974
596849,0500000US12009,"Brevard County, Florida",62002,19793,109627,43515,193364,500565,487222,466091,191416,169932,141268,64973,31085,9418,54317,23398,97894,241737,235294,223813,87156,77967,64689,28198,30917,10375,55310,20117,95470,258828,251928,242278,104260,91965,76579,36775
110024,0500000US17091,"Kankakee County, Illinois",14197,4547,25195,12105,43363,87441,84829,79585,25626,23004,18344,8024,7737,2208,13449,6212,21432,42515,41319,38797,12343,10749,8369,3479,6460,2339,11746,5893,21931,44926,43510,40788,13283,12255,9975,4545
82753,0500000US18005,"Bartholomew County, Indiana",10670,3550,19690,6135,32180,65756,63063,60642,18148,16203,13549,5960,4991,1831,9426,3452,17141,33495,31736,30389,8240,7183,5938,2524,5679,1719,10264,2683,15039,32261,31327,30253,9908,9020,7611,3436
330086,0500000US18057,"Hamilton County, Indiana",52449,14913,89053,24376,128419,251586,241033,232182,58564,51904,41308,16488,26320,7336,45029,12759,63382,120847,115853,111116,26480,22888,17919,6615,26129,7577,44024,11617,65037,130739,125180,121066,32084,29016,23389,9873
487204,0500000US19153,"Polk County, Iowa",67619,19031,121315,42374,203374,379522,365889,346545,87921,79142,63048,25425,34419,9637,61891,21069,102317,185421,178591,168510,39298,35581,27354,9799,33200,9394,59424,21305,101057,194101,187298,178035,48623,43561,35694,15626
165324,0500000US20209,"Wyandotte County, Kansas",26132,6670,46120,13980,67237,123484,119204,113353,29070,25518,20344,8022,13063,3408,23453,7096,34047,60499,58412,55635,12871,10877,8769,3141,13069,3262,22667,6884,33190,62985,60792,57718,16199,14641,11575,4881
70941,0500000US22045,"Iberia Parish, Louisiana",10400,2872,18154,7107,26532,54815,52787,48871,15241,12904,10381,4035,5392,1515,9176,3720,12896,26216,24933,22475,6987,5992,4683,1671,5008,1357,8978,3387,13636,28599,27854,26396,8254,6912,5698,2364
258111,0500000US22103,"St. Tammany Parish, Louisiana",35185,11094,61900,19542,92471,203712,196211,186070,61068,53337,43644,16943,18019,5370,32383,9842,45098,97515,93874,88661,28079,24103,19750,7073,17166,5724,29517,9700,47373,106197,102337,97409,32989,29234,23894,9870
70975,0500000US24001,"Allegany County, Maryland",6723,2015,12257,9210,27539,59916,58718,53739,18384,16775,14147,6488,3628,1092,6723,4879,15735,31893,31218,28343,8464,7470,6208,2670,3095,923,5534,4331,11804,28023,27500,25396,9920,9305,7939,3818
564022,0500000US25005,"Bristol County, Massachusetts",66023,20666,116098,52050,214578,461547,447924,426207,134679,118849,94856,39607,33555,10224,59117,26410,105996,220492,213997,202132,60310,53134,40629,15102,32468,10442,56981,25640,108582,241055,233927,224075,74369,65715,54227,24505
154141,0500000US26021,"Berrien County, Michigan",19071,5676,33571,13135,53809,123766,120570,113882,42824,37757,30468,13142,9635,2627,16844,6967,27224,59999,58562,55213,19134,16936,13555,5465,9436,3049,16727,6168,26585,63767,62008,58669,23690,20821,16913,7677
191224,0500000US26093,"Livingston County, Michigan",22460,8091,40751,15293,65686,156086,150473,143180,48246,42355,33118,12572,11636,4167,21031,8052,33986,77831,74892,70792,22831,19773,15366,5560,10824,3924,19720,7241,31700,78255,75581,72388,25415,22582,17752,7012
66516,0500000US26103,"Marquette County, Michigan",7206,1957,12450,10257,26734,55205,54066,49978,17746,15814,12824,5307,3700,1054,6380,4798,13286,27394,26843,24974,8803,7719,6215,2325,3506,903,6070,5459,13448,27811,27223,25004,8943,8095,6609,2982
180005,0500000US29019,"Boone County, Missouri",20849,5190,36539,36058,90098,147029,143466,126086,32208,27949,21937,8738,11074,2718,19657,17361,43821,69726,67977,60725,14288,12712,9603,3566,9775,2472,16882,18697,46277,77303,75489,65361,17920,15237,12334,5172
503310,0500000US34031,"Passaic County, New Jersey",66091,19901,119860,48657,200308,396210,383450,362632,103780,90899,73211,31940,33775,10164,61205,24219,100320,190865,184447,174338,46286,40209,31314,13016,32316,9737,58655,24438,99988,205345,199003,188294,57494,50690,41897,18924
145179,0500000US35043,"Sandoval County, New Mexico",19553,6306,33582,10803,53590,116307,111597,106832,35389,31385,25763,9474,9908,2936,16953,5476,26639,56131,54212,51846,16033,14271,11975,4251,9645,3370,16629,5327,26951,60176,57385,54986,19356,17114,13788,5223
155350,0500000US36093,"Schenectady County, New York",18809,5818,33337,16260,60318,125853,122013,115628,38121,33627,26852,12016,9951,3106,17539,8291,30150,60793,58673,55282,16516,14645,11300,4683,8858,2712,15798,7969,30168,65060,63340,60346,21605,18982,15552,7333
69524,0500000US37031,"Carteret County, North Carolina",6895,2280,12343,4513,21043,58873,57181,55393,23217,21241,17455,6685,3875,1117,6820,2407,10505,28398,27405,26399,10582,9586,7998,3020,3020,1163,5523,2106,10538,30475,29776,28994,12635,11655,9457,3665
131831,0500000US37155,"Robeson County, North Carolina",18431,5469,32772,13317,51786,103123,99059,91936,29016,25707,19861,7494,9312,2649,16868,6670,25521,49203,47296,43516,12898,11496,8739,2898,9119,2820,15904,6647,26265,53920,51763,48420,16118,14211,11122,4596
162927,0500000US39133,"Portage County, Ohio",16588,5513,29604,27217,68493,137833,133323,120006,38216,33688,27185,10683,8281,2842,15313,12146,33137,66210,64028,58883,17584,15124,12228,4610,8307,2671,14291,15071,35356,71623,69295,61123,20632,18564,14957,6073
346868,0500000US41047,"Marion County, Oregon",47889,15315,85970,32439,138569,270516,260898,247614,76684,68244,53475,22408,24649,7977,44449,16834,71467,135225,130538,123944,35399,31587,24193,9715,23240,7338,41521,15605,67102,135291,130360,123670,41285,36657,29282,12693
162805,0500000US42027,"Centre County, Pennsylvania",13588,4477,24527,40331,83525,140974,138278,115471,31484,28061,22815,9880,6785,2232,12469,21577,45940,74244,72901,61650,14684,13375,10405,4106,6803,2245,12058,18754,37585,66730,65377,53821,16800,14686,12410,5774
207346,0500000US42125,"Washington County, Pennsylvania",23310,6872,40241,17834,71812,171628,167105,159128,58284,51951,42146,17996,11710,3393,20001,9378,36160,83228,81091,77062,26813,23862,18807,7161,11600,3479,20240,8456,35652,88400,86014,82066,31471,28089,23339,10835
66994,0500000US45059,"Laurens County, South Carolina",8277,2526,14560,6491,24403,54139,52434,48341,17111,15745,12626,4762,4332,1943,8287,3191,12239,26224,24779,22473,7711,7133,5837,2050,3945,583,6273,3300,12164,27915,27655,25868,9400,8612,6789,2712
76482,0500000US47001,"Anderson County, Tennessee",9242,2748,16147,6492,26933,61927,60335,57505,21083,18819,15305,6514,4350,1389,7891,2931,13505,29691,29046,27399,9912,8675,6788,2639,4892,1359,8256,3561,13428,32236,31289,30106,11171,10144,8517,3875
107239,0500000US51085,"Hanover County, Virginia",14519,4650,23714,8832,37342,86394,83525,79278,26431,23245,18887,7902,7750,2180,12521,4503,18778,41461,39925,37700,11890,10601,8671,3673,6769,2470,11193,4329,18564,44933,43600,41578,14541,12644,10216,4229
269805,0500000US53035,"Kitsap County, Washington",30595,9067,55256,26089,105569,220424,214549,206788,66244,59085,47748,17490,15768,4286,28388,15565,57070,112381,109698,105431,30952,27897,22355,7667,14827,4781,26868,10524,48499,108043,104851,101357,35292,31188,25393,9823
85129,0500000US55055,"Jefferson County, Wisconsin",9944,3901,18054,7925,32439,70074,67075,62942,20450,17349,14645,5793,5314,1892,9325,4087,16319,34697,33117,30672,9937,8424,6777,2519,4630,2009,8729,3838,16120,35377,33958,32270,10513,8925,7868,3274
187365,0500000US55087,"Outagamie County, Wisconsin",24818,7342,44127,15927,73170,148009,143238,136779,39072,33751,27576,11759,12925,3408,22158,7998,36940,72792,70817,67459,18343,15721,12578,4874,11893,3934,21969,7929,36230,75217,72421,69320,20729,18030,14998,6885
71385,0500000US01049,"DeKalb County, Alabama",9972,3184,17145,6071,26161,57239,54240,51984,17182,15204,12261,4884,5088,1499,8965,3241,12741,27464,26083,24497,8407,7129,5423,1942,4884,1685,8180,2830,13420,29775,28157,27487,8775,8075,6838,2942
231256,0500000US06007,"Butte County, California",25694,7462,46212,32132,95977,190638,185044,170988,58620,52348,42820,17551,12839,3813,23211,16244,49599,93518,90525,82723,26448,23811,19151,7517,12855,3649,23001,15888,46378,97120,94519,88265,32172,28537,23669,10034
190678,0500000US06017,"El Dorado County, California",21999,7427,38012,13818,61379,156948,152666,146861,57738,51075,40427,14999,11085,3285,18699,7420,31063,77579,75828,72320,27580,24371,19658,6638,10914,4142,19313,6398,30316,79369,76838,74541,30158,26704,20769,8361
181827,0500000US06025,"Imperial County, California",27764,8191,50831,19171,75672,136416,130996,123028,31908,27640,23512,10153,14148,3971,26087,10385,41079,70309,67568,63809,13522,12608,10742,4312,13616,4220,24744,8786,34593,66107,63428,59219,18386,15032,12770,5841
896764,0500000US06029,"Kern County, California",147602,41638,258952,90572,386714,664871,637812,600840,143202,125407,98076,38770,74717,21575,131665,48800,206378,342655,328104,307832,66168,57649,45504,16664,72885,20063,127287,41772,180336,322216,309708,293008,77034,67758,52572,22106
259666,0500000US06041,"Marin County, California",30408,9949,51861,16952,78770,214458,207805,201241,78465,70374,58213,24517,15697,5104,26557,8189,40371,103848,100742,97634,35517,31576,25698,10165,14711,4845,25304,8763,38399,110610,107063,103607,42948,38798,32515,14352
